1 0.9246826233500528
2 0.8065569842457181
3 0.5026197412694587
4 0.5005271604689612
5 0.4975052729367544
6 0.4454297820492487
7 0.3822490430040913
8 0.3454990060440635
9 0.3374174767180111
10 0.33741747671801103
11 0.337417476718011
12 0.3298350515923622
13 0.29956563888105003
14 0.2935853979045478
15 0.29047756261009466
16 0.2554100766509382
17 0.25029844377481014
18 0.2345683026022678
19 0.22329147078518574
20 0.222643558489082
21 0.21798740314180776
22 0.21236580707170238
23 0.20026145042443763
24 0.19051021388112693
25 0.1845001515636307
26 0.1844470837455494
27 0.18035828160222145
28 0.18035828160222134
29 0.17966333992893935
30 0.1724335803520331
31 0.17136751589015733
32 0.17020536758285365
33 0.15381099043293298
34 0.14584802121142174
35 0.14563015602172438
36 0.1433674586615944
37 0.138367645219474
38 0.13593113741296914
39 0.11250953627485022
40 0.11131549430366806
41 0.10709959951814206
42 0.10539652283642537
43 0.09720846144355172
44 0.09705264726974722
45 0.0970526472697472
46 0.08540829275234682
47 0.08068229362615606
48 0.08042806451394466
49 0.07511021826648823
50 0.07296581625279443
51 0.07236913528317257
52 0.06921468464625435
53 0.06886727756454267
54 0.06831712358028656
55 0.06783336271116555
56 0.06780802173310199
57 0.0653066977946361
58 0.06223591400216632
59 0.061463915332005396
60 0.06107958403012258
61 0.06103803804031934
62 0.06067269643939044
63 0.060547984152069925
64 0.05979974635640886
65 0.05880070846926632
66 0.05754742162631196
67 0.05328927830722234
68 0.053182602638910934
69 0.053098472665255615
70 0.052763904151247716
71 0.05276390415124768
72 0.05106850975320938
73 0.050740881186346704
74 0.0501507743892645
75 0.049397675427628025
76 0.04477502578266187
77 0.04474757481168847
78 0.04369016260408599
79 0.043101536970779564
80 0.04257266500074626
81 0.04257266500074625
82 0.042572665000746246
83 0.042191505158265356
84 0.039266076560852424
85 0.03779681987390303
86 0.037796819873903015
87 0.03766393710766863
88 0.03665015838396486
89 0.036650158383964855
90 0.03665015838396484
91 0.035303466317907775
92 0.035011215460446485
93 0.03389663509696341
94 0.03372092974748137
95 0.03357100162108153
96 0.033214356559142746
97 0.03288831549747769
98 0.03182947293771299
99 0.030001845760407146
100 0.02947660127577782
101 0.0292989265339477
102 0.02908450654200467
103 0.028909509683941757
104 0.028736725724579713
105 0.028094892934114477
106 0.027680473323491227
107 0.02750392415534133
108 0.02712038159986723
109 0.026794635684009048
110 0.026373170194090422
111 0.026307159469004315
112 0.02491660056737699
113 0.024694853619070475
114 0.024694853619070447
115 0.024137753023242815
116 0.023988966157544155
117 0.02389668819968443
118 0.023832387080569287
119 0.023747237384243735
120 0.023424697700823154
121 0.023319337124456167
122 0.023319337124456163
123 0.022756179607076515
124 0.022756179607076498
125 0.02077989446543854
126 0.020441048527048804
127 0.020178847209405895
128 0.019910635553325555
129 0.01938570089456742
130 0.018876772020181964
131 0.01864176082534978
132 0.01851444452919694
133 0.018414022240909263
134 0.018261928710817915
135 0.018261928710817884
136 0.01752822298823068
137 0.01715071439849889
138 0.01715071439849886
139 0.017150714398498836
140 0.017150714398498825
141 0.017018603625890784
142 0.016016702291702916
143 0.015777294097722445
144 0.01568828373181428
145 0.015487736025472336
146 0.014946215311084907
147 0.014414530661865807
148 0.014414530661865783
149 0.014054966148662642
150 0.014044907497020531
151 0.013397815092884485
152 0.013387271752289452
153 0.01334839692252425
154 0.01329809855317172
155 0.0132980985531717
156 0.013298098553171685
157 0.012326639086647464
158 0.012264993812792004
159 0.012264993812791978
160 0.012245334414327317
161 0.012245334414327307
162 0.012058239338248693
163 0.01170958278663021
164 0.011408557259141508
165 0.010085685774000281
166 0.009830688434856471
167 0.00983068843485646
168 0.009671791779711097
169 0.00939952461356308
170 0.009239504925778347
171 0.009238072667196303
172 0.009206248834681128
173 0.009177782112086856
174 0.008996782533365206
175 0.008689127681785503
176 0.008549309907652475
177 0.008549309907652456
178 0.008514674264565428
179 0.008381991512960763
180 0.00830727610070492
181 0.008268890291349064
182 0.008268854024031906
183 0.00824666899390232
184 0.008213806274289963
185 0.008157700075619365
186 0.007975382944568307
187 0.0077550300669533365
188 0.007755030066953265
189 0.007754676934102247
190 0.007647800657826705
191 0.007639465124477917
192 0.007639465124477899
193 0.007639465124477874
194 0.007570790590846098
195 0.007545058405165575
196 0.007545058405165566
197 0.007545058405165547
198 0.007425931774623806
199 0.007393413028535354
200 0.007343057870146184
201 0.0071672793849501815
202 0.00712362088938158
203 0.006786568558823841
204 0.006786568558823798
205 0.00663026931974937
206 0.006616763223820505
207 0.006517410540735647
208 0.006508247725445308
209 0.0064434201184774675
210 0.006443420118477411
211 0.006305853532152639
212 0.006199089732636749
213 0.006107007979292103
214 0.005649358152950973
215 0.0055909774319749285
216 0.005536452823846333
217 0.005441291722728409
218 0.005163836155616335
219 0.0049721984574493784
220 0.004864753026679465
221 0.004679056024405429
222 0.004674388506040627
223 0.004663942068651732
224 0.004417437891968463
225 0.004402961780350161
226 0.0043712693666103225
227 0.004218418358901414
228 0.0041953308121798
229 0.004190724466206211
230 0.0041756454573761825
231 0.004073495409953987
232 0.00405151107262537
233 0.0038159789832453756
234 0.003709334166013662
235 0.0036261468532217387
236 0.0036047319918564077
237 0.0035466886378497458
238 0.003546688637849683
239 0.003537971330686767
240 0.003536243276545945
241 0.0034256423993262674
242 0.003372729237037312
243 0.0032072366658019175
244 0.0031816221635363718
245 0.0031565439044073046
246 0.003140354257372482
247 0.0030845734567877536
248 0.0030546229876342876
249 0.0030104003223713504
250 0.0030069818588475783
251 0.003006981858847575
252 0.002957785346369452
253 0.002942249278535801
254 0.002942249278535796
255 0.0028210009173764324
256 0.002820216757474942
257 0.002813428896163597
258 0.002802805198420787
259 0.0026674819923672224
260 0.0026588577740892213
261 0.0026484476401521266
262 0.0026084325043233643
263 0.002512166309844342
264 0.002507238024207472
265 0.0024734639099200156
266 0.0024527830552514103
267 0.002438469743081349
268 0.0023062547363455928
269 0.0022947526146203366
270 0.002228512451151364
271 0.002213666998672186
272 0.002148628331772913
273 0.0020494437622498203
274 0.00197899540525601
275 0.0019751793163159804
276 0.001956847443207278
277 0.0018511769616180581
278 0.0018130218213922374
279 0.0018039725244714247
280 0.001802168977254135
281 0.0017705588140031652
282 0.0017681703723299007
283 0.0017056623540814535
284 0.0016971873013003204
285 0.0016660891678300805
286 0.0016415815168849214
287 0.0016288463401736937
288 0.0016280524073858213
289 0.0014638611708968304
290 0.0014301492804031694
291 0.0013590745271632194
292 0.001335901494929289
293 0.0013271026795922515
294 0.0013271026795922338
295 0.0013098337592157745
296 0.0013097180570158606
297 0.001305946874264628
298 0.001256401568693809
299 0.0012275871031451426
300 0.0012034086355098288
301 0.0011376964746802522
302 0.0011269534687202976
303 0.0011253599413565646
304 0.0011194288213583338
305 0.0011183811222464008
306 0.0011112618432404498
307 0.00110061162575685
308 0.0010905004667864228
309 0.0010905004667863538
310 0.0010536997487378187
311 0.001043298514733976
312 0.0010423061356711568
313 0.0010142754288433114
314 0.0010001888825077834
315 0.000982574737254791
316 0.0009706558685413866
317 0.0009694005405601006
318 0.0009565756884937992
319 0.0009242812332545404
320 0.0008990174829871716
321 0.0008988020675924342
322 0.0008951821094641118
323 0.0008593147869855576
324 0.0008354783585482263
325 0.000822315246743914
326 0.0008211591552764059
327 0.0008039915553268537
328 0.0007965354225844428
329 0.0007881146018228159
330 0.0007783741003775464
331 0.0007705339017651642
332 0.0007674296268682854
333 0.0007385734283882418
334 0.0007054252540603594
335 0.0006718335668918384
336 0.0006703904682641763
337 0.0006664874046256885
338 0.000639639038252386
339 0.0006273526235368633
340 0.0006243000958183941
341 0.0006241641746166232
342 0.0005819699160330775
343 0.0005819699160329844
344 0.0005790674227788188
345 0.0005623521043170472
346 0.000558605941069497
347 0.0005582854827332215
348 0.0005503628502853487
349 0.0005463910518550206
350 0.0005429061745206662
351 0.0005422305237929238
352 0.0005419403479061415
353 0.0005397157861810055
354 0.0005236032351013822
355 0.0004998432125221676
356 0.0004993879347654019
357 0.0004987318168108225
358 0.0004910828653074072
359 0.00048147000707780146
360 0.00045522193279308595
361 0.00045183248788104285
362 0.0004436061261939126
363 0.00041961166412384063
364 0.0004091973400047437
365 0.00039622502984491646
366 0.00039622502984490443
367 0.00038346115623619323
368 0.00037982847150966
369 0.0003782149958405822
370 0.00036251109248691986
371 0.00035497617688574825
372 0.0003547681424161374
373 0.00034836293598845206
374 0.00034295452102099623
375 0.0003371069416487619
376 0.0003371069416487005
377 0.000334160148587826
378 0.00032911135565283123
379 0.0003264306937077145
380 0.0003176791521964361
381 0.00031634343757161817
382 0.00031634343757159204
383 0.0003131803856843951
384 0.00030800330350770204
385 0.0003040716506619723
386 0.00028397800999901615
387 0.00028383481116151866
388 0.0002824813265004372
389 0.0002818238018671765
390 0.0002804204372610142
391 0.00026764143235510446
392 0.0002630198671021481
393 0.0002586637974201499
394 0.000244622565886229
395 0.0002368686437269159
396 0.0002357571752266814
397 0.0002335668484354163
398 0.0002277733430196188
399 0.00022629514386127356
400 0.00021949162597350048
401 0.00021413765263306907
402 0.00020822494123996804
403 0.00018818558386284195
404 0.00017199979844276762
405 0.0001469897853421362
406 0.0001422754337081256
407 0.0001355128786967295
408 0.00013520010824384665
409 0.00013457346632618527
410 0.0001330619070822527
411 0.00012909457983207602
412 0.00012613251599523278
413 0.00012293333485523098
414 0.00010568186649310763
415 0.00010568186649305724
416 0.00010568186649305112
417 0.0001033878630438236
418 9.652936435009496e-05
419 9.605628116449024e-05
420 9.147755741413951e-05
421 9.147755741411591e-05
422 9.089067803017243e-05
423 8.476663881711576e-05
424 8.248633133997147e-05
425 8.181386018166428e-05
426 8.094356160248129e-05
427 8.01644790645155e-05
428 7.804593059471117e-05
429 7.765389487743387e-05
430 7.630602389112042e-05
431 7.111659077548599e-05
432 7.017154253733853e-05
433 6.893929572433047e-05
434 6.849960150114365e-05
435 6.841891815827831e-05
436 6.841891815826801e-05
437 6.447738414902102e-05
438 6.129350708268728e-05
439 6.12348351430861e-05
440 6.123483514306044e-05
441 5.9772419120988725e-05
442 5.538743015879069e-05
443 5.1672469406136115e-05
444 4.5585160765288524e-05
445 4.5585160765255246e-05
446 4.558516076525482e-05
447 4.5585160765210895e-05
448 4.5585160765188927e-05
449 3.9813136487212774e-05
450 3.692166511202626e-05
451 3.622042818142526e-05
452 3.539901343976529e-05
453 3.522002040674345e-05
454 3.522002040666951e-05
455 2.588770814993736e-05
456 2.223053033286129e-05
457 2.1947812452863322e-05
458 2.0814944059443773e-05
459 2.0564902707349526e-05
460 1.864503229682956e-05
461 1.7707379013582145e-05
462 1.770737901357018e-05
463 1.6601330891719128e-05
464 1.628813170574592e-05
465 1.551075460918177e-05
466 1.303924592872541e-05
467 1.1186111932706547e-05
468 1.0801840831550547e-05
469 1.0783377948500396e-05
470 1.0473921393686286e-05
471 1.0322624944675115e-05
472 9.847217429822318e-06
473 8.929779020768653e-06
474 6.532611988136289e-06
475 5.609744520971455e-06
476 5.189433115619911e-06
477 4.704965028039517e-06
478 4.7049650280076085e-06
479 4.4949416736660066e-06
480 3.1585402890213015e-06
481 2.9196848878930456e-06
482 2.7257814596924774e-06
483 2.6430329043562704e-06
484 2.643032904342649e-06
485 1.2114120678783647e-06
486 1.1266887965553279e-06
487 9.179155993885756e-07
488 7.970391985656084e-07
489 7.868715022966234e-07
490 3.056927616319962e-07
491 2.4738341784585546e-07
492 2.3163064161503283e-07
493 1.9856242886089733e-07
494 6.242576095889176e-08