1 6.762157819260197
2 5.538335361219631
3 4.534358125142923
4 4.4901314875913485
5 3.8588079893703253
6 3.8068091690022667
7 3.783593013461288
8 3.2058595636859764
9 3.1352580874069282
10 3.0150789986356292
11 2.9200831465742056
12 2.8956699426800823
13 2.636518369220113
14 2.587210066397926
15 2.4475311642381263
16 2.305524878477205
17 2.2324208593023513
18 2.0505910861015946
19 1.7561403080089535
20 1.514459680958267
21 1.3019498279766397
22 1.256534881844973
23 1.2482472411824448
24 1.1319893166013963
25 1.1092668871486475
26 0.5741848235325329
27 0.5724127848393538
28 0.4693583708320893
29 0.46163432506130925
30 0.42087781378446093
31 0.3403464346340989
32 0.2878111536937442
33 0.20866232549289984
34 0.10424412751532937
35 0.10191680383927644
36 0.09604885553562052
37 0.08818940568036222
38 0.07715466881191167
39 0.07100070477029796
40 0.05821358156894228
41 0.042949474313268614
42 0.013784725361903017
43 0.011206950527645783
44 0.009736869423797988
45 0.008479389743748128
46 0.007553983035412272
47 0.0031626292116524995
48 0.0014170146611142118
49 0.0014162658589588013
50 0.0008252354581515189
51 0.0006767017260975952
52 0.00032758116883025226
53 0.0003274034388214413
54 0.00021354241383763215
55 0.0001042882095445291
56 3.2971063440770825e-05
57 3.295712236069325e-05
58 3.29124514043772e-05
59 3.2912423507611405e-05
60 3.290140974327035e-05
61 1.3103579069102087e-05
62 7.817162479187018e-06
63 7.64209430534526e-06
64 5.39646704466147e-06
65 5.136656504516389e-06
66 5.09314440353037e-06
67 4.208847239238469e-06
68 3.4713408159229945e-06
69 2.495616477908288e-06
70 2.3486463979482427e-06
71 2.3014054378988237e-06
72 2.1443808451221807e-06
73 2.1150594897131422e-06
74 2.0943440099245304e-06
75 1.6707798398007718e-06
76 1.59067566683725e-06
77 1.3867751586876814e-06
78 1.385542071952557e-06
79 1.3095854824941423e-06
80 1.16473303637434e-06
81 1.058640927495485e-06
82 1.0227842180097982e-06
83 9.563893850153097e-07
84 9.544911187068728e-07
85 9.405277948450081e-07
86 9.184288199818667e-07
87 8.872031945614733e-07
88 8.205614377212281e-07
89 8.032843533575235e-07
90 8.023696643012021e-07
91 6.130573338373894e-07
92 5.711038550927309e-07
93 5.420694142954788e-07
94 5.229431186609907e-07
95 4.888223506729774e-07
96 4.6333550174543564e-07
97 4.558920598723414e-07
98 4.5576626728433935e-07
99 4.137016446000543e-07
100 4.107174613732626e-07
101 3.7953823943400326e-07
102 3.7208462584603104e-07
103 3.5261854517823676e-07
104 3.444883495920605e-07
105 3.3169306282335305e-07
106 3.2759247543724425e-07
107 3.2547147318129577e-07
108 3.2170029041854674e-07
109 3.2090550696245377e-07
110 3.180541243471698e-07
111 3.131299185177212e-07
112 3.0207730534412326e-07
113 2.959817263345661e-07
114 2.712628337347744e-07
115 2.32212774411574e-07
116 2.220018239431267e-07
117 2.0711894983299061e-07
118 2.0569044470851808e-07
119 1.9603282258952708e-07
120 1.9489120312925886e-07
121 1.9282458777945173e-07
122 1.9111971202675967e-07
123 1.7238976430227897e-07
124 1.6826914113260308e-07
125 1.658963188847917e-07
126 1.6285067176167773e-07
127 1.628506717262044e-07
128 1.6252926073158384e-07
129 1.6236550206808163e-07
130 1.4275628164884968e-07
131 1.4037420374053092e-07
132 1.392130941980173e-07
133 1.2893819520114413e-07
134 1.2468088676682267e-07
135 1.2302961123949497e-07
136 1.2176933714362882e-07
137 1.2097580062694946e-07
138 1.098790621345656e-07
139 1.0890425316549539e-07
140 1.0393474879558072e-07
141 8.655760746183469e-08
142 8.463988831593477e-08
143 8.458715320550445e-08
144 8.417832363419834e-08
145 8.016379934601512e-08
146 7.893453721878641e-08
147 7.273598387350129e-08
148 7.09838575137332e-08
149 7.033083022094974e-08
150 6.946815988389763e-08
151 6.754059088039525e-08
152 6.741790141960272e-08
153 6.464798258913907e-08
154 6.176246504726968e-08
155 5.915067884306939e-08
156 5.869013782070295e-08
157 5.6445738004097466e-08
158 5.572715882419883e-08
159 5.556830742558963e-08
160 5.377196107778157e-08
161 5.2694607683655975e-08
162 4.9306936446251307e-08
163 4.9166468578178385e-08
164 4.72357050442003e-08
165 4.455971889807201e-08
166 4.407399665926402e-08
167 4.382049919893108e-08
168 4.242614698830798e-08
169 4.151063337399823e-08
170 4.097788272048563e-08
171 4.085998354634988e-08
172 3.983185240133539e-08
173 3.8709319406453424e-08
174 3.759399200668903e-08
175 3.702448136475229e-08
176 3.6639688194911244e-08
177 3.6380041931597496e-08
178 3.618602827006622e-08
179 3.528341479976295e-08
180 3.4410757070246575e-08
181 3.435146623206417e-08
182 3.403764933435566e-08
183 3.143233086638505e-08
184 3.138207235809631e-08
185 3.020546799998931e-08
186 3.01122465774275e-08
187 2.889002750153142e-08
188 2.8534936702012866e-08
189 2.8462844541582932e-08
190 2.7628733147469938e-08
191 2.684943052989434e-08
192 2.6292407620302684e-08
193 2.612287591095104e-08
194 2.596031280837842e-08
195 2.5884801903498787e-08
196 2.520718119799064e-08
197 2.4532605589595936e-08
198 2.409120556110731e-08
199 2.343202643538296e-08
200 2.2459727315222093e-08
201 2.2138514662102128e-08
202 2.0858253032905538e-08
203 1.981853127924422e-08
204 1.8610652865860242e-08
205 1.8323445748864156e-08
206 1.7743019136023954e-08
207 1.7029976308934436e-08
208 1.6124313284283735e-08
209 1.6020597525974312e-08
210 1.590109524789789e-08
211 1.5251419298365443e-08
212 1.5146229806562377e-08
213 1.5038103135097876e-08
214 1.4887764125998885e-08
215 1.3883619854344453e-08
216 1.3851348465403819e-08
217 1.3773199801858299e-08
218 1.363245437812628e-08
219 1.3484740020231881e-08
220 1.311905421363907e-08
221 1.307271914225715e-08
222 1.2998552984977529e-08
223 1.2845347097302174e-08
224 1.2715491587825974e-08
225 1.1872330188411297e-08
226 1.0765246063626688e-08
227 1.0121340622703823e-08
228 9.922595600956288e-09
229 9.838995014411718e-09
230 9.822677132852443e-09
231 9.156040814141752e-09
232 9.120186708094033e-09
233 9.09588669725847e-09
234 8.584023255940817e-09
235 8.490923886098833e-09
236 8.101784205481348e-09
237 8.068905136804796e-09
238 7.943179981801456e-09
239 7.82150184446881e-09
240 7.155531911649798e-09
241 7.144873675400841e-09
242 7.0797998231842466e-09
243 6.979141079137209e-09
244 6.790762766400799e-09
245 6.7798605407805795e-09
246 6.624153211171272e-09
247 6.412823265341948e-09
248 6.199810832810195e-09
249 6.198558408980539e-09
250 6.182717842005476e-09
251 6.153679183898141e-09
252 6.103651973987957e-09
253 6.036460063170321e-09
254 6.020389157194181e-09
255 5.970132243803345e-09
256 5.954444491941848e-09
257 5.693030549517397e-09
258 5.679549029412758e-09
259 5.572367151110135e-09
260 5.488503298809776e-09
261 4.429880759446716e-09
262 4.390396421478803e-09
263 4.011020312974057e-09
264 4.006841744563447e-09
265 3.804304202540675e-09
266 3.7374944523376946e-09
267 3.583432344627268e-09
268 3.461679571725053e-09
269 3.36940060194205e-09
270 3.1891147582509982e-09
271 3.110248137484981e-09
272 3.0662127712750253e-09
273 2.8803026276077755e-09
274 2.828478395130437e-09
275 2.814517195514475e-09
276 2.7629445500424358e-09
277 2.744797860744989e-09
278 2.667485027766471e-09
279 2.6347872412916916e-09
280 2.5754307791904675e-09
281 2.522781710465552e-09
282 2.5063977219286375e-09
283 2.4859447157923987e-09
284 2.332927963878883e-09
285 2.282386063738524e-09
286 2.2811054532686125e-09
287 2.139451338806615e-09
288 2.050051376945618e-09
289 2.0408837933641905e-09
290 1.998612920318357e-09
291 1.972369060779201e-09
292 1.856543028895536e-09
293 1.7461860722070374e-09
294 1.6991598005766513e-09
295 1.60845307066514e-09
296 1.575877857728798e-09
297 1.5429759253881712e-09
298 1.4251527942246705e-09
299 1.3238112804521817e-09
300 1.321002057482679e-09
301 1.263209451278658e-09
302 1.2467567981268677e-09
303 1.1659349336411618e-09
304 1.1650523578526637e-09
305 1.121618330877279e-09
306 1.1203590005564354e-09
307 1.0940710873351277e-09
308 1.0714481610669353e-09
309 1.0597347996871265e-09
310 1.0591438550126282e-09
311 1.0591438325569096e-09
312 9.573459175536775e-10
313 9.43009085488069e-10
314 9.197756427824347e-10
315 8.243478494305844e-10
316 8.046469179929879e-10
317 8.00826708457844e-10
318 7.138587515705885e-10
319 6.76272709153259e-10
320 6.608619781736249e-10
321 6.282683136534858e-10
322 6.20738032946975e-10
323 6.193152482714508e-10
324 6.026216434561327e-10
325 5.809748659192948e-10
326 5.625034862627149e-10
327 4.918528164757252e-10
328 4.907150646453159e-10
329 4.798706478368486e-10
330 4.2429693784853144e-10
331 4.192122180694678e-10
332 4.19142367122338e-10
333 4.064203760340791e-10
334 4.047009137742916e-10
335 4.046686617535858e-10
336 3.9758516015380107e-10
337 3.5897831216594643e-10
338 3.5739144975098197e-10
339 3.258760295749061e-10
340 3.258759778806446e-10
341 3.226252663501385e-10
342 3.0508046954908303e-10
343 2.917077099222407e-10
344 2.9170766986109206e-10
345 2.8290114710033664e-10
346 2.57348959005463e-10
347 2.4994371004108937e-10
348 2.479400129624144e-10
349 2.4679766887814775e-10
350 2.4613388573825357e-10
351 2.461338376702955e-10
352 2.421429908958887e-10
353 2.3958663044886535e-10
354 2.3096531483442837e-10
355 2.0737055638130412e-10
356 2.0426531877996228e-10
357 1.8764981086916305e-10
358 1.8309874861318081e-10
359 1.8013649675723195e-10
360 1.7653878755684364e-10
361 1.6987584158997045e-10
362 1.6822224690582453e-10
363 1.6496256788084352e-10
364 1.571061067221204e-10
365 1.5253838434521046e-10
366 1.5253833894289303e-10
367 1.497598045503968e-10
368 1.432594606200567e-10
369 1.4228254598907238e-10
370 1.3568174706396445e-10
371 1.3424959877108372e-10
372 1.336404166491822e-10
373 1.285822487913989e-10
374 1.278522227016009e-10
375 1.2288352147980408e-10
376 1.1899732810560122e-10
377 1.1788123975021033e-10
378 1.1564398564282238e-10
379 1.0771836128537446e-10
380 1.0619575307772143e-10
381 9.821150125763941e-11
382 9.620545183653513e-11
383 9.180624522217973e-11
384 9.02078305853286e-11
385 9.005494315855568e-11
386 8.919187927311218e-11
387 8.625244898331882e-11
388 8.261990198001273e-11
389 8.19751999646135e-11
390 8.055334252523147e-11
391 8.042398086225244e-11
392 8.037187092252994e-11
393 7.962407237035841e-11
394 7.475593769867995e-11
395 7.301203595846328e-11
396 7.245266775962503e-11
397 7.151609874820483e-11
398 7.11645947731514e-11
399 6.733532634484114e-11
400 6.699913961667328e-11
401 6.688543284216407e-11
402 6.537486062814823e-11
403 6.070170993517188e-11
404 5.99030873030289e-11
405 5.6910301418963846e-11
406 5.161056781304061e-11
407 5.133522946601535e-11
408 5.052571062930398e-11
409 4.939462456434349e-11
410 4.882697063370149e-11
411 4.849177400004854e-11
412 4.8003737268130564e-11
413 4.794004484798823e-11
414 4.631987826634247e-11
415 4.5613376168903245e-11
416 4.495635750883307e-11
417 4.4412708682720366e-11
418 4.33768405334783e-11
419 4.331935052233667e-11
420 4.2140776456489507e-11
421 4.1988619788679187e-11
422 4.1870124202841676e-11
423 3.924202334637897e-11
424 3.839242232928705e-11
425 3.8079442025043947e-11
426 3.779168520781887e-11
427 3.684184013297283e-11
428 3.424826594646622e-11
429 3.421021580467989e-11
430 3.416053095228182e-11
431 3.310035682428209e-11
432 3.279169049135226e-11
433 3.2180860358155884e-11
434 3.1957488127045865e-11
435 2.920654807750552e-11
436 2.901644281470654e-11
437 2.8725858018828354e-11
438 2.86466386904252e-11
439 2.862641944483594e-11
440 2.8238424774153436e-11
441 2.7959842266620492e-11
442 2.779401405391962e-11
443 2.7612932937001914e-11
444 2.724821425666369e-11
445 2.7133353538900386e-11
446 2.713333627114919e-11
447 2.7040081516737137e-11
448 2.6658563823579975e-11
449 2.649343136049592e-11
450 2.609875469291232e-11
451 2.5794076296828046e-11
452 2.4270605489509002e-11
453 2.2579127755678643e-11
454 2.1391514391282885e-11
455 2.035440129987699e-11
456 1.9483505041458946e-11
457 1.8760072600030743e-11
458 1.860848993973987e-11
459 1.8590010642533188e-11
460 1.817876134916146e-11
461 1.783047644720486e-11
462 1.746538053350264e-11
463 1.7452086139127392e-11
464 1.588619622460181e-11
465 1.5512033997265465e-11
466 1.4769488286947232e-11
467 1.4417380545387491e-11
468 1.4245773598954165e-11
469 1.4005031768258455e-11
470 1.3944551029294378e-11
471 1.2994927596944913e-11
472 1.2698702955057534e-11
473 1.2340577128283594e-11
474 1.1951304097355977e-11
475 1.1756411084187763e-11
476 1.1688377499989747e-11
477 1.1495057042992115e-11
478 1.1416336600623375e-11
479 1.1378457906077812e-11
480 1.134678367313885e-11
481 1.1260210236291184e-11
482 1.0743698055115998e-11
483 1.0498681537502512e-11
484 1.0358813204176404e-11
485 9.782351047812278e-12
486 9.569107996436286e-12
487 9.511321481923906e-12
488 9.295384063598769e-12
489 8.349607102169926e-12
490 8.220392651014541e-12
491 8.208299800939436e-12
492 8.161963362014088e-12
493 7.72939291198073e-12
494 7.456210784605937e-12
495 7.400025562571614e-12
496 7.2140504497170854e-12
497 6.914523669812211e-12
498 6.749273763600323e-12
499 6.7262115500767965e-12
500 6.4571349844834715e-12
501 6.408577165903012e-12
502 6.3516780326933705e-12
503 6.3443462355482815e-12
504 5.90639678560553e-12
505 5.777178661181889e-12
506 5.5026169559535126e-12
507 5.494801095836382e-12
508 5.476057040365904e-12
509 5.447963880541678e-12
510 5.376848031313546e-12
511 5.203068138139713e-12
512 5.1817700036507455e-12
513 5.175210665573223e-12
514 5.097709288442365e-12
515 5.040501676503774e-12
516 5.034181586331896e-12
517 4.953293857314268e-12
518 4.87371704715393e-12
519 4.641852255734482e-12
520 4.544842913839635e-12
521 4.288442893216594e-12
522 4.2339822905378925e-12
523 4.179821048579434e-12
524 3.3594221865224485e-12
525 3.1536884676898063e-12
526 2.976389839549182e-12
527 2.966482360248368e-12
528 2.9492866842470532e-12
529 2.7238560762371724e-12
530 2.6505458913805832e-12
531 2.553065953275074e-12
532 2.397862255814418e-12
533 2.3961621777520188e-12
534 2.3931973625796816e-12
535 2.3895876769590646e-12
536 2.2752087705662938e-12
537 2.1973664448066955e-12
538 2.1403011474894773e-12
539 2.1322504003046304e-12
540 2.1117498098961417e-12
541 2.1017665637533417e-12
542 2.0577149337778776e-12
543 2.057548426140677e-12
544 1.977889179280348e-12
545 1.9590630149483787e-12
546 1.9383361127047573e-12
547 1.9354896178062025e-12
548 1.9238814172931555e-12
549 1.9218203065094305e-12
550 1.9218019074209285e-12
551 1.8580810267425657e-12
552 1.8085799196516969e-12
553 1.7971728381591409e-12
554 1.788131461744781e-12
555 1.6662381932594536e-12
556 1.6366872334912222e-12
557 1.5734203506053278e-12
558 1.53572714092603e-12
559 1.4418968190093752e-12
560 1.4066749811272287e-12
561 1.3997929240498307e-12
562 1.3546413103977357e-12
563 1.3429737433088739e-12
564 1.3278088893596857e-12
565 1.282780350076558e-12
566 1.277639291463568e-12
567 1.2258884182333108e-12
568 1.1702704271004487e-12
569 1.1549636513264383e-12
570 1.1094743526814427e-12
571 1.1045050758499409e-12
572 1.0857100706003413e-12
573 9.77471957692108e-13
574 9.339493968562635e-13
575 8.853900593074904e-13
576 8.827754531634628e-13
577 8.731688620371124e-13
578 8.543508039362061e-13
579 7.907039720811887e-13
580 7.89334555051468e-13
581 7.372482107031354e-13
582 7.368332842760015e-13
583 7.281787909802701e-13
584 6.862369493219636e-13
585 6.808270461889616e-13
586 6.70628537109998e-13
587 6.656476886470099e-13
588 6.125239379867853e-13
589 5.82360590989784e-13
590 5.761805222587965e-13
591 5.708186340060366e-13
592 5.556772452126148e-13
593 5.232089567615204e-13
594 5.161156662499342e-13
595 5.148128025380002e-13
596 5.094485533466085e-13
597 4.952088232119102e-13
598 4.947593216602293e-13
599 4.703276330333713e-13
600 4.2272857661692175e-13
601 3.8514488350447506e-13
602 3.803881719661994e-13
603 3.779860230472286e-13
604 3.529901989857338e-13
605 3.5044328524190573e-13
606 3.443527157288667e-13
607 3.2663322710982506e-13
608 2.9245783958323015e-13
609 2.602904293264821e-13
610 2.5997317732665607e-13
611 2.591718316010171e-13
612 2.1057377194548333e-13
613 1.881897592138461e-13
614 1.707498710212099e-13
615 1.6263545294495342e-13
616 1.5063961311347615e-13
617 1.46436612431928e-13
618 1.4562691928171014e-13
619 1.381436782049754e-13
620 1.3633584806607665e-13
621 1.36281183619917e-13
622 1.3572957125955425e-13
623 1.322817851980973e-13
624 1.232449777632365e-13
625 1.0984918761507198e-13
626 1.0771760988130636e-13
627 1.0762679902564238e-13
628 1.0697863040288393e-13
629 9.565812789578952e-14
630 9.075691062696504e-14
631 8.216967657788314e-14
632 7.876880052809483e-14
633 7.517956498859559e-14
634 7.480464732928004e-14
635 6.861841557456091e-14
636 6.672288490845523e-14
637 6.391450190721547e-14
638 6.234899395977861e-14
639 5.754970398216987e-14
640 5.607486033604795e-14
641 5.268038805148605e-14
642 4.811830444387436e-14
643 4.238303773228419e-14
644 4.0756155268743263e-14
645 4.03747768017214e-14
646 3.449792817479934e-14
647 3.441496838075414e-14
648 3.2402822980650235e-14
649 2.941318978627642e-14
650 2.7945351710981147e-14
651 2.781381508367117e-14
652 2.538176631479e-14
653 2.5156625836540547e-14
654 2.4582044195639826e-14
655 2.406738090405233e-14
656 2.1961633279928695e-14
657 2.1074655553010216e-14
658 2.054975659298519e-14
659 1.8127110019388684e-14
660 1.6775165544982125e-14
661 1.6380850888528196e-14
662 1.2173338791171817e-14
663 1.1389627722665725e-14
664 1.1191843603193241e-14
665 1.0606576861958432e-14
666 1.0476458741964333e-14
667 1.0126978973707102e-14
668 8.900329201353164e-15
669 8.639033146173722e-15
670 8.18697237320628e-15
671 6.848885451835861e-15
672 6.8331205104692405e-15
673 6.4945101897551966e-15
674 6.4770991845626386e-15
675 6.476913732508588e-15
676 6.4757223142856626e-15
677 6.2927800692402935e-15
678 6.2835261470150376e-15
679 4.9367825832310655e-15
680 4.1051191869105936e-15
681 3.87483771281044e-15
682 3.611680728701324e-15
683 1.1416131493714045e-15
684 4.792694687076597e-16
685 4.765628186576479e-16