1 2.0068232266428505
2 1.9754789088341675
3 0.5654626824064916
4 0.5458460684799802
5 0.5106287102406102
6 0.5100907662312337
7 0.45438530630625606
8 0.45438530630625595
9 0.4217389198179161
10 0.3805674646425338
11 0.3454701892732559
12 0.34427271649245367
13 0.245837863112059
14 0.22998197809345367
15 0.2222810485640754
16 0.22228104856407535
17 0.21872858454901148
18 0.21851187297268915
19 0.21621282174827353
20 0.21152585171851396
21 0.20251612364784857
22 0.2020998172764478
23 0.20137739064278992
24 0.20137739064278992
25 0.2011690574399135
26 0.18221712482260902
27 0.17814799249430135
28 0.16790180456606144
29 0.1677052607597332
30 0.1647480072226158
31 0.16412913096165274
32 0.16095832148957387
33 0.15062137487328192
34 0.14322862711139434
35 0.14217423386828024
36 0.13263709757008765
37 0.13085581380802325
38 0.12786461602750945
39 0.11931305378679734
40 0.11537057766866293
41 0.1153705776686628
42 0.11401910692514088
43 0.09601269968278611
44 0.08151667474558767
45 0.08084158978747405
46 0.08074050580313474
47 0.07375320895146113
48 0.0617271253690742
49 0.05483724066411904
50 0.054457558516500144
51 0.054411555225936166
52 0.05398373860731968
53 0.05353849794235992
54 0.049537547540728824
55 0.046282491138058234
56 0.045844981209673286
57 0.045787109625120774
58 0.045587874965287094
59 0.04101268640817745
60 0.039748143701360594
61 0.037372531870766404
62 0.03620995512450087
63 0.03341036448990739
64 0.027086656970071586
65 0.02693823519036391
66 0.026846869408451584
67 0.025938839281694628
68 0.02581248806408973
69 0.02553571682520002
70 0.023496515473028168
71 0.02291440321347916
72 0.022221802357444167
73 0.022221802357444146
74 0.021876526268914724
75 0.020822633851388248
76 0.020822633851388245
77 0.020040215308061732
78 0.017422114815326132
79 0.01615105529595818
80 0.015866253464544046
81 0.015806651847594822
82 0.01450577127581513
83 0.014505771275815125
84 0.012314154454674162
85 0.011761517022975888
86 0.011759545134489133
87 0.010398354087250147
88 0.010306260126512536
89 0.00976680387469874
90 0.009749418031846455
91 0.009306968417047059
92 0.008515849323768854
93 0.007713495692071739
94 0.0072252831312479785
95 0.0070431448272988174
96 0.006490277634634043
97 0.006490277634634026
98 0.005567820100287993
99 0.005557078062898691
100 0.005388438428337336
101 0.00518387385083618
102 0.005049574177711634
103 0.004918495372147117
104 0.004415155632001375
105 0.004213689944514368
106 0.00405103415718205
107 0.0035992062864353505
108 0.0034885666194694846
109 0.0026104260697023002
110 0.002594318891155264
111 0.0025855198004818662
112 0.0025342424998920057
113 0.002247545722369524
114 0.0021776612231365223
115 0.0019299968535103134
116 0.001855799981045008
117 0.0014767925396033616
118 0.0013356705358504866
119 0.0011327069344269983
120 0.0011151314371699854
121 0.000907571023533876
122 0.0008749468004907257
123 0.0006782984686814201
124 0.0005998345609831922
125 0.0005828894143434788
126 0.000573621058664829
127 0.0005583377711605656
128 0.0005534186817171462
129 0.0005362155600266678
130 0.0005108666207434512
131 0.0005093921805564077
132 0.0005066956051082007
133 0.0004302367424497315
134 0.000427332984811407
135 0.00039413808888272305
136 0.0003756800117709825
137 0.0003418171704043329
138 0.00032892611696217004
139 0.0003255407194531055
140 0.0002867715234844977
141 0.0002757312436943295
142 0.000270531923304955
143 0.00026009311964756885
144 0.00025192236607049143
145 0.0002514001982214309
146 0.0002504871327563616
147 0.00024406324860472961
148 0.00023243243734605718
149 0.00022544574626512075
150 0.00021645257326895513
151 0.0001950249335483149
152 0.00017982114948678762
153 0.00017823874166062527
154 0.00017203160582262417
155 0.00016153622943268172
156 0.00015751287873017994
157 0.00014827650194351087
158 0.00014814259181757547
159 0.000146098370220117
160 0.00014222426809835812
161 0.00014220245337113368
162 0.0001375532548268226
163 0.00013748406666649755
164 0.0001309153165188554
165 0.0001286333450959099
166 0.00012812751178901445
167 0.000127516995159102
168 0.00010586202426227005
169 0.00010077977415071375
170 9.850276295831628e-05
171 9.490892679797703e-05
172 9.33974522668096e-05
173 9.073263862096553e-05
174 8.56262400177435e-05
175 8.329952648440412e-05
176 7.83036382316514e-05
177 7.403909407106576e-05
178 7.250965719189138e-05
179 7.229465531319844e-05
180 7.176627129734015e-05
181 6.832787209150556e-05
182 6.728628178014785e-05
183 6.235416173610502e-05
184 6.123992952158342e-05
185 5.905423847549339e-05
186 5.751554326356888e-05
187 5.617519725471739e-05
188 5.576667243803586e-05
189 5.4440898630361855e-05
190 5.419591033849719e-05
191 5.2208177277440204e-05
192 5.123329198112292e-05
193 5.1132855606610245e-05
194 4.989083715730799e-05
195 4.857834812300262e-05
196 4.68359016806595e-05
197 4.143446297499876e-05
198 4.000809339153795e-05
199 3.992589285612458e-05
200 3.971543813043207e-05
201 3.971543813042431e-05
202 3.971543813039173e-05
203 3.947902388953829e-05
204 3.8084328194374e-05
205 3.618031191279197e-05
206 3.6119302764452836e-05
207 3.5878176081849904e-05
208 3.4714589959833116e-05
209 3.3788658261405964e-05
210 3.3295647401515344e-05
211 3.2234269660533625e-05
212 3.07870586285274e-05
213 2.980629559545464e-05
214 2.97001072785338e-05
215 2.8681961160315663e-05
216 2.82589863538484e-05
217 2.8249026222827207e-05
218 2.65546265129443e-05
219 2.6554626512925767e-05
220 2.441396467412495e-05
221 2.4352154414267122e-05
222 2.3379442857321565e-05
223 2.244256069878003e-05
224 2.238468328987721e-05
225 2.2183068635361443e-05
226 2.1947106446342868e-05
227 2.1711821666612275e-05
228 2.138410595654963e-05
229 2.0612445934452506e-05
230 2.0485961114085628e-05
231 2.042668816175977e-05
232 2.0316799406917612e-05
233 1.8085101846994008e-05
234 1.7317890420259217e-05
235 1.7219109368001206e-05
236 1.6973995455327918e-05
237 1.6389476653562335e-05
238 1.636959655165053e-05
239 1.617128585942533e-05
240 1.6039728061804e-05
241 1.5924520200384693e-05
242 1.5505190243685837e-05
243 1.5491654347478075e-05
244 1.5118004700785124e-05
245 1.5060326628278911e-05
246 1.430324692310479e-05
247 1.4142450577798345e-05
248 1.414245057778851e-05
249 1.407017791441926e-05
250 1.3929446925018425e-05
251 1.3840937635831375e-05
252 1.3716311457076101e-05
253 1.3667708331192698e-05
254 1.3601918670996203e-05
255 1.3535730195042044e-05
256 1.324056712945707e-05
257 1.3240567129418101e-05
258 1.2734057093672882e-05
259 1.2629779435167957e-05
260 1.2607955806561073e-05
261 1.2339472944741562e-05
262 1.2238109564951376e-05
263 1.1743401890997758e-05
264 1.139415252071619e-05
265 1.1069125903435566e-05
266 1.1066476398330355e-05
267 1.0840999667524139e-05
268 1.0786706490591477e-05
269 1.0728983388884607e-05
270 1.0496282597861511e-05
271 1.0409276945374582e-05
272 1.0401429615284893e-05
273 1.0401429615230615e-05
274 1.0298225569414244e-05
275 1.020605702765702e-05
276 1.0195168594313857e-05
277 1.0047433023215105e-05
278 9.775910346062771e-06
279 9.353082814055806e-06
280 8.828874077561413e-06
281 8.825885483357693e-06
282 8.808653323113109e-06
283 8.720236627342601e-06
284 8.652426146919101e-06
285 8.538813672323202e-06
286 8.349687681292918e-06
287 8.22632803472928e-06
288 8.113452495130685e-06
289 8.113452495108505e-06
290 8.092790950490016e-06
291 7.979792550464685e-06
292 7.903874660906234e-06
293 7.897128808924556e-06
294 7.846855097291852e-06
295 7.843877712258442e-06
296 7.739484258235796e-06
297 7.514661038553481e-06
298 7.427779421487548e-06
299 7.358107358646881e-06
300 7.358107358627459e-06
301 7.229768386764412e-06
302 7.229768386726468e-06
303 7.209042954678136e-06
304 7.194587888086033e-06
305 6.996396013693904e-06
306 6.974082322863919e-06
307 6.9624230645925074e-06
308 6.962423064564507e-06
309 6.917593735459052e-06
310 6.894573691607696e-06
311 6.836911707160503e-06
312 6.581917060692411e-06
313 6.580397272016453e-06
314 6.580397272008657e-06
315 6.565900386264386e-06
316 6.509267824781401e-06
317 6.461023898828911e-06
318 6.40174373214053e-06
319 6.368039185147444e-06
320 6.09354498025758e-06
321 6.0935449802411455e-06
322 6.093544980230039e-06
323 5.92470921946398e-06
324 5.539103039590951e-06
325 5.524501003696692e-06
326 5.51024087777263e-06
327 5.421136503960117e-06
328 5.398417678012407e-06
329 5.341073769634663e-06
330 5.26241346218361e-06
331 5.040052429665879e-06
332 4.934083331857658e-06
333 4.924410686943159e-06
334 4.755683038360442e-06
335 4.733486066423372e-06
336 4.629204150818504e-06
337 4.580607005531887e-06
338 4.573637010029149e-06
339 4.573637009996806e-06
340 4.520795638625469e-06
341 4.502924563861352e-06
342 4.415743459192831e-06
343 4.324586827041915e-06
344 4.276839658173208e-06
345 4.171148326169129e-06
346 4.103058298640312e-06
347 4.080291638400027e-06
348 4.071835700965022e-06
349 4.045225171436667e-06
350 4.020339896611003e-06
351 4.01833667375896e-06
352 4.016188713560368e-06
353 4.011070433283244e-06
354 3.951023866031655e-06
355 3.931856335514025e-06
356 3.9318563354997334e-06
357 3.897020699367657e-06
358 3.771485817882241e-06
359 3.7412434208651923e-06
360 3.7412434208149666e-06
361 3.7300008442051416e-06
362 3.6710072056051664e-06
363 3.6693653441689403e-06
364 3.5916119752119014e-06
365 3.5754674403200967e-06
366 3.5673857396293446e-06
367 3.557417614648328e-06
368 3.5011062638174755e-06
369 3.4811287972075787e-06
370 3.4800818561820945e-06
371 3.4552905686511298e-06
372 3.445346326569461e-06
373 3.4174899124515958e-06
374 3.3255936692652808e-06
375 3.297300378776327e-06
376 3.279140562991874e-06
377 3.272917205327115e-06
378 3.24592520918463e-06
379 3.2134071180039038e-06
380 3.19170669339732e-06
381 3.1459884409952934e-06
382 3.126605779940915e-06
383 3.0447369944186325e-06
384 2.999057800718346e-06
385 2.9731891261065444e-06
386 2.9162120814259227e-06
387 2.878566775995155e-06
388 2.870530871549441e-06
389 2.8263725043979127e-06
390 2.8180680623761624e-06
391 2.8093223386448795e-06
392 2.77571280194288e-06
393 2.7686517187472023e-06
394 2.735296487168355e-06
395 2.7124145621659797e-06
396 2.6659360367229994e-06
397 2.6659360367141903e-06
398 2.6080376667491556e-06
399 2.6062195707840435e-06
400 2.537412237989728e-06
401 2.446648222490779e-06
402 2.432660957073053e-06
403 2.4320402569744725e-06
404 2.384591644289455e-06
405 2.361592974904549e-06
406 2.278056678110409e-06
407 2.2351871793170647e-06
408 2.2150937366602036e-06
409 2.20033862018679e-06
410 2.1900546353290468e-06
411 2.1856239018322866e-06
412 2.174202770567624e-06
413 2.172464835918089e-06
414 2.1360042941415367e-06
415 2.1176339799749468e-06
416 2.115237162024688e-06
417 2.0959336005227947e-06
418 2.0918256218763938e-06
419 2.0881108237223852e-06
420 2.0574456284560492e-06
421 2.0291895034119364e-06
422 1.974724688932758e-06
423 1.91023645842785e-06
424 1.9030871990371596e-06
425 1.8155460156244233e-06
426 1.7892413494611708e-06
427 1.7825524008415918e-06
428 1.7662668105709295e-06
429 1.7546347884756504e-06
430 1.7207203367318851e-06
431 1.713453530442752e-06
432 1.7134535303818644e-06
433 1.690932524589069e-06
434 1.6816222282541208e-06
435 1.6726906508658124e-06
436 1.655534173695313e-06
437 1.6468328250634519e-06
438 1.6453426754062345e-06
439 1.6347008910256005e-06
440 1.6143256172323771e-06
441 1.6048409807242874e-06
442 1.5814795835845895e-06
443 1.576493533244322e-06
444 1.5556318851345206e-06
445 1.547257481191562e-06
446 1.5447251546395787e-06
447 1.521084830539289e-06
448 1.4605458502237729e-06
449 1.4516220430413767e-06
450 1.450402730656581e-06
451 1.4436929280568783e-06
452 1.4427827760495143e-06
453 1.4242446004817691e-06
454 1.393632234187987e-06
455 1.3620055821121444e-06
456 1.3620055821068875e-06
457 1.3261035866312098e-06
458 1.3230014016075255e-06
459 1.316284963418874e-06
460 1.2728241676765636e-06
461 1.2677587562837019e-06
462 1.2677587562592173e-06
463 1.232632567039526e-06
464 1.2234445666972768e-06
465 1.1951976705728048e-06
466 1.1934835438978513e-06
467 1.1921498354885807e-06
468 1.1819156200743358e-06
469 1.1786057480044193e-06
470 1.1695989487459046e-06
471 1.1648250290059401e-06
472 1.1348707536262469e-06
473 1.1172762957445705e-06
474 1.082520303183528e-06
475 1.081700082120236e-06
476 1.0671709744431082e-06
477 1.0660253812992202e-06
478 1.0657702175175533e-06
479 1.033267550462133e-06
480 1.033267550459397e-06
481 1.0330376612140478e-06
482 1.0318115333213715e-06
483 1.0075264154223229e-06
484 9.87448867400742e-07
485 9.864624676620597e-07
486 9.692564676494677e-07
487 9.630644132394563e-07
488 9.451774796575108e-07
489 9.43531679699971e-07
490 9.424810178593648e-07
491 9.411614316113446e-07
492 9.401024726817056e-07
493 9.287855149781151e-07
494 9.287855149672884e-07
495 9.139905409799183e-07
496 9.04359839228834e-07
497 8.943280073881302e-07
498 8.895247526236277e-07
499 8.874009350573625e-07
500 8.826775004925786e-07
501 8.699462578728859e-07
502 8.686498047988415e-07
503 8.527313122264165e-07
504 8.470977999385972e-07
505 8.448116543384502e-07
506 8.416069215918644e-07
507 8.398127960874608e-07
508 8.332822268489286e-07
509 8.205248450511779e-07
510 8.17579044453157e-07
511 8.17521479076076e-07
512 8.172471827567732e-07
513 8.172471827241322e-07
514 8.108839882246588e-07
515 8.041266375873943e-07
516 7.606960795781763e-07
517 7.453602686464515e-07
518 7.410125551500453e-07
519 7.409765243291415e-07
520 7.38852930413621e-07
521 7.277282315685646e-07
522 7.203769388918841e-07
523 7.153411623598294e-07
524 7.14988132149279e-07
525 6.74109323270907e-07
526 6.73796268372117e-07
527 6.705085271967643e-07
528 6.632088756365855e-07
529 6.56508487059677e-07
530 6.513661938958156e-07
531 6.415983783595472e-07
532 6.389440033602142e-07
533 6.373992968974395e-07
534 6.33912650167315e-07
535 6.323368732148193e-07
536 6.293409813477658e-07
537 6.268828067914966e-07
538 6.222366179148241e-07
539 6.154600142239644e-07
540 6.066038687539274e-07
541 6.005065355593488e-07
542 6.001231511870699e-07
543 5.967011512512699e-07
544 5.831965336316826e-07
545 5.465206302008734e-07
546 5.45542211190988e-07
547 5.443943546970494e-07
548 5.440402100680016e-07
549 5.332766163987753e-07
550 5.236160234137375e-07
551 5.102331883223005e-07
552 5.048391816984906e-07
553 4.923996153163013e-07
554 4.914147353137573e-07
555 4.89493651499423e-07
556 4.863594556410699e-07
557 4.71755468255028e-07
558 4.6844107925034294e-07
559 4.684410792424221e-07
560 4.660104719446987e-07
561 4.657654535959318e-07
562 4.623210333559687e-07
563 4.5813751178324043e-07
564 4.558640251197359e-07
565 4.5586402511356144e-07
566 4.451677873420174e-07
567 4.38812344322143e-07
568 4.351102495439517e-07
569 4.336595244129558e-07
570 4.268213511416673e-07
571 4.062880558374733e-07
572 3.951499265087536e-07
573 3.951499265055645e-07
574 3.9214299700182523e-07
575 3.835757491841019e-07
576 3.8175169414315576e-07
577 3.8050806901722097e-07
578 3.7513744917688305e-07
579 3.6844107701140924e-07
580 3.670879263761414e-07
581 3.650037553046474e-07
582 3.597554739960409e-07
583 3.592507307147026e-07
584 3.5621443416659595e-07
585 3.533826089077386e-07
586 3.503534326214028e-07
587 3.453560484704547e-07
588 3.44339659196827e-07
589 3.3997801398262704e-07
590 3.3717821737447183e-07
591 3.3515343668697115e-07
592 3.333670032630856e-07
593 3.291254448096906e-07
594 3.222247734996604e-07
595 3.1260270132866656e-07
596 3.1027059693624016e-07
597 3.099635218517369e-07
598 3.0947100774148674e-07
599 3.0787893773323395e-07
600 3.057407567725456e-07
601 2.9802095678313664e-07
602 2.978108633794446e-07
603 2.9601434302510647e-07
604 2.922390009146526e-07
605 2.915015201547377e-07
606 2.9084830764802207e-07
607 2.863365273462753e-07
608 2.8633629831485e-07
609 2.780305560683161e-07
610 2.772238089639737e-07
611 2.748686877022637e-07
612 2.746474801605012e-07
613 2.710196440498103e-07
614 2.6731833424010285e-07
615 2.6015956564063466e-07
616 2.564777801489467e-07
617 2.5397929343295473e-07
618 2.5117018020949005e-07
619 2.5117018020758423e-07
620 2.509950863187033e-07
621 2.489091958436499e-07
622 2.3742030106704427e-07
623 2.374203010383923e-07
624 2.3562737717747316e-07
625 2.3428031688261356e-07
626 2.3295368150611414e-07
627 2.2965094435517495e-07
628 2.280771834594045e-07
629 2.207689299818743e-07
630 2.1939096729211379e-07
631 2.193909672580797e-07
632 2.181303075405316e-07
633 2.176507645859547e-07
634 2.1492292988420703e-07
635 2.1346998521637792e-07
636 2.1332724607956809e-07
637 2.1332724607730423e-07
638 2.1048911841883133e-07
639 2.10134798509042e-07
640 2.093891927751607e-07
641 2.0922181889160021e-07
642 2.0578442967467347e-07
643 2.0555034875916077e-07
644 2.030552760341734e-07
645 2.0209361976631336e-07
646 2.0185138690111295e-07
647 2.0146129447577625e-07
648 1.9841151151332173e-07
649 1.969927489219518e-07
650 1.9610854535872945e-07
651 1.9314084399311334e-07
652 1.9230741587531278e-07
653 1.78895595083952e-07
654 1.7889559506940196e-07
655 1.7790934491118176e-07
656 1.736971404104673e-07
657 1.7317848463561236e-07
658 1.7278017394428795e-07
659 1.7167083645107955e-07
660 1.711270458378371e-07
661 1.7112704582370126e-07
662 1.6890317695012804e-07
663 1.645618579600689e-07
664 1.6435118550475437e-07
665 1.6409519323348447e-07
666 1.6291407649915023e-07
667 1.619506357364022e-07
668 1.6187247050511594e-07
669 1.5845669012992478e-07
670 1.5714482183057198e-07
671 1.5685137452519488e-07
672 1.5666692839547308e-07
673 1.5455612605028809e-07
674 1.5098064500160815e-07
675 1.4251469950147992e-07
676 1.4065961128043488e-07
677 1.397809728837118e-07
678 1.3921819785717659e-07
679 1.3329724752517758e-07
680 1.2975905339444114e-07
681 1.274132290015948e-07
682 1.2258085058963376e-07
683 1.2065364314682624e-07
684 1.193340048790917e-07
685 1.1702679510827904e-07
686 1.1592913659333543e-07
687 1.1510493815168351e-07
688 1.1368174599700951e-07
689 1.1340162217806285e-07
690 1.1232962440514016e-07
691 1.107293773073494e-07
692 1.1013247880348522e-07
693 1.1012581714263108e-07
694 1.0924938791867772e-07
695 1.0763975466648876e-07
696 1.076006271574343e-07
697 1.0498837664868115e-07
698 1.0342985209901061e-07
699 1.0269169201595453e-07
700 1.0098476742847243e-07
701 9.991692551750697e-08
702 9.911701805714173e-08
703 9.858264662814394e-08
704 9.484226528379822e-08
705 9.484226528244716e-08
706 9.467977985201581e-08
707 9.405681963539442e-08
708 9.114500813340418e-08
709 9.086794455307393e-08
710 9.086794452043078e-08
711 9.076675929338594e-08
712 9.063967496626626e-08
713 9.053769065451655e-08
714 8.902989247716502e-08
715 8.896739150258746e-08
716 8.824295972563304e-08
717 8.590052120813981e-08
718 8.546220616332696e-08
719 8.54234938802918e-08
720 8.5346047302905e-08
721 8.514132574734638e-08
722 8.346681504966838e-08
723 8.212330683568927e-08
724 8.077285360889538e-08
725 7.590728511632738e-08
726 7.196316013733093e-08
727 7.120577965938528e-08
728 7.008473589256058e-08
729 6.913725220655509e-08
730 6.885778542286715e-08
731 6.492090295133071e-08
732 6.380581644176314e-08
733 6.285895971563344e-08
734 6.200309980430295e-08
735 6.178989758727441e-08
736 6.17898975632372e-08
737 6.15342648530924e-08
738 6.101339859060418e-08
739 5.957216054560465e-08
740 5.927261124271755e-08
741 5.720018538173003e-08
742 5.704446768777359e-08
743 5.667154011252627e-08
744 5.628885157034895e-08
745 5.628885153778813e-08
746 5.6165438203645846e-08
747 5.561543568510276e-08
748 5.377331505372064e-08
749 5.3480705625874e-08
750 5.3314005492327175e-08
751 5.23944417503027e-08
752 5.163553957547067e-08
753 5.0427466105499e-08
754 4.913861616356537e-08
755 4.732628260520362e-08
756 4.683942785795161e-08
757 4.538189317903013e-08
758 4.456989972089553e-08
759 4.4521701548718346e-08
760 4.444656177666089e-08
761 4.430431815689691e-08
762 4.313755793381343e-08
763 4.190381191528789e-08
764 4.111696341834945e-08
765 4.110553964768855e-08
766 3.962112617503182e-08
767 3.803058287776128e-08
768 3.694072031726089e-08
769 3.626419187596342e-08
770 3.484274518865533e-08
771 3.481267616526365e-08
772 3.472608644776888e-08
773 3.470151405454211e-08
774 3.458822782187447e-08
775 3.3977193443083344e-08
776 3.3259926452842896e-08
777 3.169665228727371e-08
778 3.035101673271689e-08
779 3.032404769799756e-08
780 3.0308603262985386e-08
781 2.9444728479491712e-08
782 2.8840320032470804e-08
783 2.8618918342794273e-08
784 2.8618918277136928e-08
785 2.857013027730028e-08
786 2.757595895698941e-08
787 2.7336238410862877e-08
788 2.726403901589198e-08
789 2.6426190759362733e-08
790 2.577779311516326e-08
791 2.55508992933325e-08
792 2.5169657876971958e-08
793 2.511513146215801e-08
794 2.4700398710133842e-08
795 2.4386522589749047e-08
796 2.3445417004775512e-08
797 2.305355278631369e-08
798 2.3037187424348018e-08
799 2.267338732963947e-08
800 2.254081037499619e-08
801 2.2540810348678643e-08
802 2.208059502462773e-08
803 2.1863443340564103e-08
804 2.18634432774705e-08
805 2.163607707312558e-08
806 2.152871755693378e-08
807 2.110057411315492e-08
808 2.0732750109382252e-08
809 2.0541782429170957e-08
810 1.977969193554472e-08
811 1.9462867246186468e-08
812 1.94509171068699e-08
813 1.898823888791629e-08
814 1.8971621846910178e-08
815 1.8967287840587595e-08
816 1.852262125488496e-08
817 1.7724469787494946e-08
818 1.7554500439483584e-08
819 1.7136221651739512e-08
820 1.6320263447086493e-08
821 1.6266422043295894e-08
822 1.5689634570099366e-08
823 1.5223079502433563e-08
824 1.5105758857175117e-08
825 1.510059625440432e-08
826 1.4956588161397857e-08
827 1.454037120448834e-08
828 1.4503199017930756e-08
829 1.3860996015870417e-08
830 1.36021172972811e-08
831 1.3347853349537082e-08
832 1.2951889997994501e-08
833 1.2496600506100106e-08
834 1.2496600495892816e-08
835 1.2403412505502054e-08
836 1.212661642860523e-08
837 1.2126616420324637e-08
838 1.1973175396565922e-08
839 1.194256504904416e-08
840 1.1474336017758155e-08
841 1.1466508668814459e-08
842 1.1228015052146501e-08
843 1.1069954141631384e-08
844 1.0987471101940394e-08
845 1.0948256214808259e-08
846 1.0897965216698077e-08
847 1.0712221820443572e-08
848 1.052139269796884e-08
849 1.0366146788394974e-08
850 1.0236473451383494e-08
851 1.0089346434006827e-08
852 1.0058663671884165e-08
853 9.764432092253554e-09
854 8.746843824485843e-09
855 8.741114782357722e-09
856 8.741114751676761e-09
857 8.711187263130025e-09
858 8.422347503680485e-09
859 8.214114367511208e-09
860 8.038371241789108e-09
861 7.746462082787631e-09
862 7.708924938568145e-09
863 7.619155745440752e-09
864 7.58805055208174e-09
865 7.498735700585662e-09
866 7.3251613498858065e-09
867 7.134760115698895e-09
868 7.036794142993978e-09
869 6.857557585476466e-09
870 6.857557577333741e-09
871 6.112737677559464e-09
872 6.093454947226619e-09
873 6.080247261139443e-09
874 6.071221256048727e-09
875 5.837812426235689e-09
876 5.724171545900332e-09
877 5.508732103276948e-09
878 5.502960995887592e-09
879 5.502960989819782e-09
880 5.335811807805418e-09
881 5.188190061652825e-09
882 5.188190030862324e-09
883 5.1787032497467406e-09
884 5.164089120209068e-09
885 5.150523181455866e-09
886 5.033756929417765e-09
887 5.033756892963539e-09
888 4.971751274099056e-09
889 4.965122285036646e-09
890 4.9651222723397555e-09
891 4.954548133205267e-09
892 4.885374621862529e-09
893 4.8178168096020135e-09
894 4.8032312692487445e-09
895 4.697146328887627e-09
896 4.696842075765249e-09
897 4.696842064810916e-09
898 4.603474155609087e-09
899 4.4372476909553316e-09
900 4.437247655014555e-09
901 4.365749830640177e-09
902 4.287715579471042e-09
903 4.28047917369266e-09
904 4.280479168092278e-09
905 4.2529961216895555e-09
906 3.956601746796286e-09
907 3.916563140682734e-09
908 3.836717148676535e-09
909 3.7940936922671864e-09
910 3.5676863129808235e-09
911 3.5676863077462927e-09
912 3.553047024723104e-09
913 3.352676322039391e-09
914 3.3419707307853037e-09
915 2.9618909195720556e-09
916 2.920393635756328e-09
917 2.920393634412934e-09
918 2.920393620448961e-09
919 2.9203936101069013e-09
920 2.9203936095906348e-09
921 2.9203936081489847e-09
922 2.908561891119313e-09
923 2.8139602789813437e-09
924 2.8136866499356617e-09
925 2.791703539576733e-09
926 2.777501440186445e-09
927 2.5099728473202097e-09
928 2.495019288413293e-09
929 2.4810985049485844e-09
930 2.4810984980960225e-09
931 2.4774361378525757e-09
932 2.4239939465569348e-09
933 2.423993919927097e-09
934 2.415861546708773e-09
935 2.3890509011735853e-09
936 2.2530818913987907e-09
937 2.2295000927768226e-09
938 2.2201999104246837e-09
939 2.2025246105324955e-09
940 2.162654770970986e-09
941 2.162654743452825e-09
942 2.117858065533439e-09
943 2.109752302137644e-09
944 2.1028804181935454e-09
945 2.09908309368944e-09
946 2.099083092663428e-09
947 2.0506821741487162e-09
948 2.032115941063324e-09
949 2.022678907668436e-09
950 2.0138403412216734e-09
951 1.9986193635037393e-09
952 1.9716715856499162e-09
953 1.971671579992509e-09
954 1.9716715713405118e-09
955 1.914851550099124e-09
956 1.7504638855256177e-09
957 1.6152295052112735e-09
958 1.5263525156503868e-09
959 1.5049283017267397e-09
960 1.4403993992313132e-09
961 1.378614113000793e-09
962 1.3272381488773758e-09
963 1.216253370323365e-09
964 1.1693924190634453e-09
965 1.1468431585037698e-09
966 1.0960617073205544e-09
967 1.091747847620116e-09
968 1.0329910427117196e-09
969 1.0073285252849398e-09
970 9.772387603590562e-10
971 9.395259510701826e-10
972 9.395259374211595e-10
973 8.423752296329929e-10
974 8.355793928648715e-10
975 8.342892957495134e-10
976 8.086947929480427e-10
977 7.945651808785328e-10
978 7.754691138338085e-10
979 7.424172347547844e-10
980 7.30789466402035e-10
981 6.747918465196521e-10
982 6.712400659295077e-10
983 6.712400589225343e-10
984 6.712400251441343e-10
985 6.712400122912577e-10
986 5.964659461878425e-10
987 5.607965913046435e-10
988 5.222281734095454e-10
989 5.138717208096325e-10
990 4.998295210032899e-10
991 4.847819804704335e-10
992 4.847819768920671e-10
993 4.805716065931053e-10
994 4.778903047300712e-10
995 4.778903036525628e-10
996 4.694773328368162e-10
997 4.604895684011059e-10
998 4.5572448989979224e-10
999 4.46637817674023e-10
1000 4.4597480890082853e-10
1001 4.4597478998275907e-10
1002 4.2423352194208893e-10
1003 4.102051989954577e-10
1004 3.8373608445904393e-10
1005 3.837360672840817e-10
1006 3.837360656358478e-10
1007 3.8373606460445506e-10
1008 3.8056345400713337e-10
1009 3.8056327454543555e-10
1010 3.5688627327625636e-10
1011 3.368276540280742e-10
1012 3.3682760334689515e-10
1013 3.340297311330261e-10
1014 3.1570895219010555e-10
1015 3.0532169537369346e-10
1016 2.658868547241778e-10
1017 2.65886852714251e-10
1018 2.6549215863717955e-10
1019 2.6425171298643154e-10
1020 2.4172591267167264e-10
1021 2.417259095535323e-10
1022 2.385924431947654e-10
1023 2.342654842757413e-10
1024 2.3266243388903434e-10
1025 2.2089622063721987e-10
1026 2.1032330783499561e-10
1027 2.1032330598682274e-10
1028 2.0252041836172777e-10
1029 2.0252041761665642e-10
1030 1.9896685760516973e-10
1031 1.9479652634905103e-10
1032 1.9394530709768538e-10
1033 1.8822828986691798e-10
1034 1.8096434031611117e-10
1035 1.809643129051501e-10
1036 1.7535988782164028e-10
1037 1.6951027678787208e-10
1038 1.4229446861630144e-10
1039 1.422944268819335e-10
1040 1.3871939074285235e-10
1041 1.3871938991318314e-10
1042 1.359752474280855e-10
1043 1.3597521778401166e-10
1044 1.3160943858562247e-10
1045 1.198260802237138e-10
1046 1.1554251313545967e-10
1047 9.998266464795e-11
1048 9.611973519261907e-11
1049 9.39112180122003e-11
1050 9.21133602279323e-11
1051 9.042716283819829e-11
1052 8.934255901475794e-11
1053 8.682025904546404e-11
1054 8.590027845056099e-11
1055 8.59002567356715e-11
1056 8.36962255971883e-11
1057 8.034724365707391e-11
1058 7.90105970525916e-11
1059 7.788230827426955e-11
1060 7.788230700033205e-11
1061 7.788226784708365e-11
1062 7.631105856713859e-11
1063 7.468248964728149e-11
1064 7.468247940030097e-11
1065 7.391235017989866e-11
1066 7.391234881408922e-11
1067 7.391233450641676e-11
1068 7.391232404810056e-11
1069 6.642626223914417e-11
1070 6.131353846976092e-11
1071 6.080944850167849e-11
1072 6.080943671397165e-11
1073 6.080943457399596e-11
1074 6.080942471053607e-11
1075 5.88087377585529e-11
1076 5.744340379499155e-11
1077 5.4904638145905465e-11
1078 5.318629696371896e-11
1079 5.318628251878622e-11
1080 5.1137061257819505e-11
1081 4.388910038708549e-11
1082 4.051088549786572e-11
1083 4.051086383976482e-11
1084 4.0438759681026677e-11
1085 4.0438756892594376e-11
1086 3.638393869392729e-11
1087 3.567274928505064e-11
1088 3.466789754086221e-11
1089 3.4311433718545395e-11
1090 3.2169147998076685e-11
1091 2.6655038174343804e-11
1092 2.0028582879601972e-11
1093 1.9257892070594215e-11
1094 1.8513854382388085e-11
1095 1.808845869587274e-11
1096 1.7742184805925983e-11
1097 1.720846010563902e-11
1098 1.688825426627954e-11
1099 1.6888238981994495e-11
1100 1.6742045937728726e-11
1101 1.6324868850526e-11
1102 1.5716478134752744e-11
1103 1.4698474239978653e-11
1104 1.4698455587043917e-11
1105 1.469844193710856e-11
1106 1.4698437589712198e-11
1107 1.112744488103718e-11
1108 1.1127430482325166e-11
1109 1.112743027310765e-11
1110 1.1127422329632982e-11
1111 1.0244336766799023e-11
1112 1.0244328913031749e-11
1113 9.845005950244777e-12
1114 8.683469911433821e-12
1115 8.626876360089557e-12
1116 8.361330864690516e-12
1117 5.255666871515446e-12
1118 5.133285689694561e-12
1119 4.006390839626442e-12
1120 3.8577495361029504e-12
1121 3.2247042904273597e-12
1122 3.030446463870568e-12
1123 2.1670843668459813e-12
1124 1.6725515449302454e-12
1125 1.4061147909328156e-12
1126 1.0090791699638483e-12
1127 1.0090664673291354e-12
1128 1.0090473187740633e-12
1129 1.0090347795637725e-12
1130 9.481322839403315e-13
1131 9.481277254208098e-13
1132 9.481218930170811e-13
1133 9.481107924918718e-13
1134 9.481005900335485e-13
1135 9.480980320472125e-13
1136 9.480971345633028e-13
1137 7.716721110306678e-13
1138 4.943532000378954e-13