1 3.9141832843044515
2 3.6955389759417807
3 3.5867505476761443
4 3.576022521138247
5 3.2413875976763933
6 3.1503934365260577
7 3.051613915252587
8 2.558932823640312
9 1.7433142212964257
10 1.6118159918496757
11 1.201153659566099
12 0.13390891020205437
13 0.13356410744435243
14 0.13012007727031055
15 0.128787166773785
16 0.10195707219919561
17 0.10170750296430332
18 0.07660613807866475
19 0.07607554448739393
20 0.0574975929068527
21 0.030119110658585323
22 0.02839649470482174
23 0.02697168007687845
24 0.0214288970904839
25 0.021224247109301125
26 0.014969737523600223
27 0.01387529490546173
28 0.013554984842135668
29 0.013477785390745024
30 0.012789645342970475
31 0.012670767043694678
32 0.0111153485141469
33 0.010493501230672482
34 0.010275777205284744
35 0.01008503503674198
36 0.009901254685248119
37 0.009844596987903917
38 0.00906834776510176
39 0.008605131161744812
40 0.008553556587719198
41 0.007237191895585863
42 0.00720776333606538
43 0.006777066913825135
44 0.006294929438021555
45 0.006082531492271184
46 0.005453444052039182
47 0.0042315860815944715
48 0.00423086236930452
49 0.004201329074317766
50 0.004033249007525561
51 0.003961216916606038
52 0.003636247258990476
53 0.0034274114296105993
54 0.0033365096265659533
55 0.0033187658261138136
56 0.0032069219913895067
57 0.0029592027355840648
58 0.0029385922881934256
59 0.0029351931644435382
60 0.002717392269933784
61 0.0026906253065167537
62 0.0025678031025347585
63 0.002552121994836051
64 0.0022694683461508243
65 0.0021246967702888545
66 0.002124696770288846
67 0.002099520698511509
68 0.0020791650100240528
69 0.0017120881972963527
70 0.0015964132812243009
71 0.0015854343623899637
72 0.0014827705688413048
73 0.0013655276053415645
74 0.001348650240674841
75 0.0013037843087024155
76 0.001162355029723849
77 0.0011550054477686743
78 0.001105194203543128
79 0.0010917093590472507
80 0.0010654528608972065
81 0.0010344032481035279
82 0.0010179626376546184
83 0.0010067503924394003
84 0.0009542690578636018
85 0.0009414880914467283
86 0.0008763682757556
87 0.0008728736840303459
88 0.0008140322178713993
89 0.0007679458157204341
90 0.0007499922195948937
91 0.000733529707110573
92 0.0006847996329827157
93 0.000667185324973492
94 0.0006619460416086779
95 0.0006486875693622699
96 0.0006277672210375514
97 0.0006182656170317773
98 0.0006160825937198041
99 0.0006042793631437254
100 0.0005970144902022902
101 0.0005779780035380793
102 0.0005484734365338279
103 0.0005345045215102856
104 0.0004955311645140078
105 0.00048461544883046415
106 0.000478133779287451
107 0.0004588359456829006
108 0.00043021284230181523
109 0.0004204810718597615
110 0.0004166263000473667
111 0.0004155050676932013
112 0.0004058579271020767
113 0.00038163523641898765
114 0.0003816352364189859
115 0.0003767895375829157
116 0.0003745353787428788
117 0.00036200051470834595
118 0.0003588644501504588
119 0.00035533901261443633
120 0.00035274254773958857
121 0.0003490013164352303
122 0.00034795457990783967
123 0.00034000153904226903
124 0.00033182590025128904
125 0.00033175626435127584
126 0.0003311626345979709
127 0.0003148337624126939
128 0.00031457840072173887
129 0.00030884018415369555
130 0.0002873150168772059
131 0.00027661427451314795
132 0.00026823356210170155
133 0.00026458634053984787
134 0.0002571258653864788
135 0.0002570706192634597
136 0.00025218542397423705
137 0.00024876436805294376
138 0.0002475877838802257
139 0.0002475877838802251
140 0.00023472720206473138
141 0.00023383176404696192
142 0.00023252646770086316
143 0.0002299348006870116
144 0.0002227714133655392
145 0.00021474228028387025
146 0.00020711224126698492
147 0.00020695153741440598
148 0.00020518551040950512
149 0.00019866144556113428
150 0.0001986614455611331
151 0.00019655451821883846
152 0.00019552199843121549
153 0.00018415123723298095
154 0.00018355755816474475
155 0.00018148803031227935
156 0.00017969425624717202
157 0.00017363451475622184
158 0.00016367317734670295
159 0.00016219654543221505
160 0.0001596169515037732
161 0.00015909763418216476
162 0.00014920620969012175
163 0.0001478047780326856
164 0.00014568184507548793
165 0.00014059945847503624
166 0.00013370754431068853
167 0.0001335833369730262
168 0.00013251311879162577
169 0.00012960129554669098
170 0.0001287470948833124
171 0.00012169462583082747
172 0.00012025318191857964
173 0.00012022247974232944
174 0.00011647218505595609
175 0.00011578335763943909
176 0.00011527588676405293
177 0.00011419347245701048
178 0.00011396888450996243
179 0.00010928925447002214
180 0.00010884107427193441
181 0.00010701913810086324
182 0.00010557013012277797
183 0.00010200244560700047
184 0.00010019608224640797
185 9.966270486292939e-05
186 9.917602060930777e-05
187 9.733530502582501e-05
188 9.60776660687947e-05
189 9.442202982737676e-05
190 9.271530831102166e-05
191 8.511512522391627e-05
192 8.363656290128672e-05
193 8.363656290125787e-05
194 8.30148182285615e-05
195 8.25933023592811e-05
196 8.20397873859258e-05
197 8.144752034114034e-05
198 8.14076939547923e-05
199 7.606502533471134e-05
200 7.586157153189207e-05
201 7.553949286705748e-05
202 7.523012512739191e-05
203 7.286299396917178e-05
204 7.243159175766008e-05
205 7.100265939589162e-05
206 7.074098396553953e-05
207 6.940825688447314e-05
208 6.885578384331964e-05
209 6.789600672207155e-05
210 6.763876643262047e-05
211 6.684805065643762e-05
212 6.423861761842132e-05
213 6.314598248812813e-05
214 6.241911972741655e-05
215 6.161430563349504e-05
216 5.995188799754369e-05
217 5.949811913627579e-05
218 5.899558385890001e-05
219 5.6206902096430396e-05
220 5.5211899604954864e-05
221 5.465701584396575e-05
222 5.428762867364685e-05
223 5.382548928413252e-05
224 5.381305610941712e-05
225 5.364022210979772e-05
226 5.341359077389182e-05
227 5.2288000365339186e-05
228 5.210130118753317e-05
229 5.1867178997849986e-05
230 5.082033129226078e-05
231 4.9695193863541856e-05
232 4.877721068626245e-05
233 4.682538222414404e-05
234 4.67169957021189e-05
235 4.6107055313750004e-05
236 4.546479932466008e-05
237 4.523606305138821e-05
238 4.436835859599344e-05
239 4.4124846670447185e-05
240 4.402370447985919e-05
241 4.3716095176818513e-05
242 4.314146074623868e-05
243 4.1981306398938614e-05
244 4.141164520044143e-05
245 4.134035730848194e-05
246 4.126055331053366e-05
247 4.126055331051332e-05
248 4.1071424281966006e-05
249 4.094617290228115e-05
250 4.066647962185599e-05
251 4.026823079588585e-05
252 4.026823079588108e-05
253 4.02072718557236e-05
254 3.9639887464259054e-05
255 3.960051253465473e-05
256 3.840503022481949e-05
257 3.840320438265323e-05
258 3.827457914019831e-05
259 3.716573974667732e-05
260 3.7162816609782305e-05
261 3.710545009775191e-05
262 3.68526405370639e-05
263 3.685264053704773e-05
264 3.646757233914722e-05
265 3.622420075539206e-05
266 3.618534016422062e-05
267 3.559927974056077e-05
268 3.557019801369945e-05
269 3.3622989266236255e-05
270 3.3436056765829325e-05
271 3.296163877495216e-05
272 3.258849358501123e-05
273 3.223392778321788e-05
274 3.200304998431981e-05
275 3.1002527290528114e-05
276 3.0083418838990752e-05
277 2.95505840289911e-05
278 2.922316387487522e-05
279 2.875282309149322e-05
280 2.873576162623378e-05
281 2.8245437572588187e-05
282 2.8052882198894416e-05
283 2.801364796492344e-05
284 2.7891298429697866e-05
285 2.7872221235484373e-05
286 2.775812969646993e-05
287 2.723496605589348e-05
288 2.7097697721139438e-05
289 2.6732827884337193e-05
290 2.6404402495639848e-05
291 2.6234314269126873e-05
292 2.6173874673681182e-05
293 2.5862395967170996e-05
294 2.5698599792697964e-05
295 2.564233238440567e-05
296 2.5578539032188498e-05
297 2.538087251670506e-05
298 2.469656367615857e-05
299 2.452161766270617e-05
300 2.4412966854929336e-05
301 2.4252669200412272e-05
302 2.419016742873769e-05
303 2.408751063420846e-05
304 2.3879645550860868e-05
305 2.3862361019689793e-05
306 2.3260380445368664e-05
307 2.3155079623863127e-05
308 2.3128776650377947e-05
309 2.3019748185720204e-05
310 2.099527627179231e-05
311 2.0740146650776698e-05
312 2.071493169266602e-05
313 1.9852950480748773e-05
314 1.9692740733341903e-05
315 1.937754902877996e-05
316 1.9179170928070208e-05
317 1.8598437609392e-05
318 1.8467483682874702e-05
319 1.798127421201383e-05
320 1.793075912693895e-05
321 1.77061804059726e-05
322 1.747447000528904e-05
323 1.7267606444542505e-05
324 1.7267606444530985e-05
325 1.7221683101928945e-05
326 1.7126552710626546e-05
327 1.6937369337241892e-05
328 1.67597538281616e-05
329 1.669573692258346e-05
330 1.6389782249709698e-05
331 1.6193199474518414e-05
332 1.6173123357596215e-05
333 1.615505221643132e-05
334 1.6130381512783553e-05
335 1.6011906130345805e-05
336 1.598603041263983e-05
337 1.5982273040830258e-05
338 1.549617728084614e-05
339 1.5426657501142176e-05
340 1.538691700154985e-05
341 1.534611792690683e-05
342 1.514125997016841e-05
343 1.4633644675778605e-05
344 1.4530258258196504e-05
345 1.4451013446487523e-05
346 1.4186281271115961e-05
347 1.4058245673143136e-05
348 1.367474769896858e-05
349 1.3441243107496947e-05
350 1.3423999745266163e-05
351 1.335413434839064e-05
352 1.3102646111604542e-05
353 1.2517882039619004e-05
354 1.2387989902118141e-05
355 1.2376395120343453e-05
356 1.2240090230001972e-05
357 1.2150775948208696e-05
358 1.2086125558218537e-05
359 1.199435891974345e-05
360 1.187453125749854e-05
361 1.174726550236625e-05
362 1.162993608803611e-05
363 1.160951195088446e-05
364 1.1433406187674897e-05
365 1.1335274131892705e-05
366 1.1295532755645105e-05
367 1.1076136406984189e-05
368 1.1076136406969066e-05
369 1.0931779568748074e-05
370 1.084817190836946e-05
371 1.0750335876307485e-05
372 1.051509965388468e-05
373 1.0451520804587411e-05
374 1.022807855390204e-05
375 1.018618155735546e-05
376 9.480782234122173e-06
377 9.428805907008539e-06
378 9.414897678760673e-06
379 9.210088957069026e-06
380 9.210088957057459e-06
381 9.076023878619821e-06
382 8.934428201448813e-06
383 8.803723196322023e-06
384 8.630642912592318e-06
385 8.630219896635054e-06
386 8.48066595469745e-06
387 8.418299906799886e-06
388 7.933014682474434e-06
389 7.902158117832158e-06
390 7.88360953752243e-06
391 7.858655045849295e-06
392 7.858532149808416e-06
393 7.77254401433727e-06
394 7.706750469194037e-06
395 7.6201470372702615e-06
396 7.602416209584582e-06
397 7.467835138119582e-06
398 7.4678351381147095e-06
399 7.263506222047431e-06
400 7.253162973482318e-06
401 7.250126667921438e-06
402 7.204629054700725e-06
403 7.1476559472730535e-06
404 7.059936059978884e-06
405 6.892441702226061e-06
406 6.680954147800247e-06
407 6.40013462357814e-06
408 6.333339931086352e-06
409 6.325315290201367e-06
410 6.3167136927294505e-06
411 5.961566602280913e-06
412 5.830086377833106e-06
413 5.788324427014238e-06
414 5.587814426287434e-06
415 5.523951451742187e-06
416 5.506983312489734e-06
417 5.439436615908853e-06
418 5.40622023976989e-06
419 5.236701184208601e-06
420 5.1821304575540304e-06
421 5.171771721670619e-06
422 5.091914323267768e-06
423 5.090560956634044e-06
424 4.995571656959356e-06
425 4.808735863166866e-06
426 4.808735863166523e-06
427 4.7613076979327695e-06
428 4.620021407055749e-06
429 4.5179688254885115e-06
430 4.430518536314454e-06
431 4.3627549209881486e-06
432 4.159884031618637e-06
433 4.136464643722216e-06
434 4.097112507929993e-06
435 4.08214358712314e-06
436 4.0294615842376644e-06
437 3.958307531240371e-06
438 3.952612480495852e-06
439 3.886025958163997e-06
440 3.855812835683198e-06
441 3.851805734080578e-06
442 3.827943401638327e-06
443 3.78463892465855e-06
444 3.733718247890636e-06
445 3.68596624057469e-06
446 3.6339717092207034e-06
447 3.53295317707276e-06
448 3.5164306187111026e-06
449 3.5052102931635746e-06
450 3.3657334082570227e-06
451 3.162073252591649e-06
452 3.158362295187918e-06
453 3.12977293596293e-06
454 3.097001246166295e-06
455 3.064381056399466e-06
456 3.0466956871190095e-06
457 2.985835321990394e-06
458 2.9469792494506308e-06
459 2.846561826322399e-06
460 2.8008357698417165e-06
461 2.7659810909954374e-06
462 2.7406855178025207e-06
463 2.659212750065243e-06
464 2.659212750060573e-06
465 2.636398409280297e-06
466 2.626537654764095e-06
467 2.6265376547511393e-06
468 2.6086510117189404e-06
469 2.6086510117163006e-06
470 2.6068700510817487e-06
471 2.6016899156627397e-06
472 2.5924294333260953e-06
473 2.5763991564696827e-06
474 2.5528755215932244e-06
475 2.5355816634941078e-06
476 2.5005444817688483e-06
477 2.422141893692634e-06
478 2.4202998060750953e-06
479 2.3554260594997733e-06
480 2.350866975718024e-06
481 2.322083018361815e-06
482 2.200950343978195e-06
483 2.157382580834377e-06
484 2.1524942080748136e-06
485 2.149956818234831e-06
486 2.1351754292969452e-06
487 2.1292606415242905e-06
488 2.119808082924466e-06
489 2.1133835969795082e-06
490 2.015881861308594e-06
491 2.0158540001004416e-06
492 2.01372587515547e-06
493 2.0119974332492673e-06
494 2.011178543550252e-06
495 2.0110273698768637e-06
496 1.9866210116756636e-06
497 1.9520751055747353e-06
498 1.8244907657735091e-06
499 1.7884015802808805e-06
500 1.7877753333004727e-06
501 1.7646267220079254e-06
502 1.6753992458041604e-06
503 1.6402925737607229e-06
504 1.5585240623282145e-06
505 1.5578746591337012e-06
506 1.5172005792197948e-06
507 1.4549045934241192e-06
508 1.4420714469645847e-06
509 1.4127655912559571e-06
510 1.2820230361492981e-06
511 1.086174142560917e-06
512 1.0860335489369914e-06
513 1.0438056094226135e-06
514 1.0421785304477956e-06
515 8.92175158232284e-07
516 8.587941166637475e-07
517 8.46831014544708e-07
518 8.340226239992071e-07
519 8.292387906094171e-07
520 8.166111253045337e-07
521 8.024599895741031e-07
522 7.212366779765883e-07
523 7.002329698639807e-07
524 6.970185057490219e-07
525 6.920540168059492e-07
526 6.843192082095411e-07
527 6.8431920819902e-07
528 6.491988013080889e-07
529 5.979866120572487e-07
530 5.92057646813308e-07
531 5.607758435513499e-07
532 5.398376162438401e-07
533 5.124649130942343e-07
534 4.692875901018119e-07
535 4.236519930748631e-07
536 4.215120810950351e-07
537 4.213648575864692e-07
538 4.193386875991359e-07
539 4.1713698981340317e-07
540 4.159650939346703e-07
541 4.1011948901324693e-07
542 4.00986112606786e-07
543 3.966589621824295e-07
544 3.958601351294972e-07
545 3.818137392445524e-07
546 3.818137392275474e-07
547 3.7684711400832814e-07
548 3.735384546351279e-07
549 3.7088039082988485e-07
550 3.699831534077749e-07
551 3.667624851230812e-07
552 3.5053357867677997e-07
553 3.489295095059179e-07
554 3.3394602463503656e-07
555 3.3299057290030336e-07
556 3.2985202405220025e-07
557 3.239067888437274e-07
558 3.2116346585063455e-07
559 3.1113837413395826e-07
560 3.104725164935914e-07
561 3.089040798374987e-07
562 3.068283797121293e-07
563 3.041166839770297e-07
564 2.4764661954920223e-07
565 2.4572232271747143e-07
566 2.3254276431976334e-07
567 2.2551584365973642e-07
568 2.148317049824502e-07
569 2.1145856796488004e-07
570 2.109901226932765e-07
571 2.1070847578762882e-07
572 1.964161172811911e-07
573 1.9493799138824802e-07
574 1.925932447336777e-07
575 1.9019625145705747e-07
576 1.8167623502602098e-07
577 1.7664647578956373e-07
578 1.6378750950063576e-07
579 1.5284029386346342e-07
580 1.4858386367081027e-07
581 1.4262076913542514e-07
582 1.4060946822148486e-07
583 1.238525223211109e-07
584 1.1316571907650555e-07
585 1.0688034108260503e-07
586 1.062605104574403e-07
587 1.0382349511553251e-07
588 1.0323454737926097e-07
589 9.605193130845701e-08
590 9.604777133410234e-08
591 9.001500759451039e-08
592 8.945041706184018e-08
593 8.869126480630066e-08
594 8.819382177529349e-08
595 8.564558119219838e-08
596 8.4833843375898e-08
597 8.07638809030026e-08
598 8.041748218976225e-08
599 7.692271056390129e-08
600 7.407550647571063e-08
601 7.16814147709299e-08
602 6.919017943584725e-08
603 6.618580579467803e-08
604 6.368981857363633e-08
605 6.201685205593983e-08
606 4.9173159220052947e-08
607 4.9033420226776456e-08
608 4.893288433273163e-08
609 4.16574070514979e-08
610 3.992873498313887e-08
611 3.20596675388383e-08
612 3.1442136449981166e-08
613 3.137234318147551e-08
614 3.090973744607222e-08
615 3.081484593366145e-08
616 2.8205029241859206e-08
617 2.7531470733020586e-08
618 2.5830093498948914e-08
619 2.4948975837084442e-08
620 1.9766393527092588e-08
621 1.947831091900119e-08
622 1.812326481472235e-08
623 1.7859332590092608e-08
624 1.7576819711132375e-08
625 1.6391586859598465e-08
626 1.465312485289766e-08
627 1.4354644382012398e-08
628 1.4279804361984357e-08
629 1.319801818848806e-08
630 1.2640879084294985e-08
631 1.092499728314461e-08
632 1.0383270186242112e-08
633 9.12464655575961e-09
634 7.019872110135645e-09
635 6.951447354348726e-09
636 6.788503191538762e-09
637 6.726371469754731e-09
638 6.438763159380158e-09
639 6.256395676753171e-09
640 6.112241701646669e-09
641 5.748151114771721e-09
642 5.663194777216005e-09
643 5.360268944908871e-09
644 5.037065776763075e-09
645 4.996302021288063e-09
646 4.81298546268598e-09
647 4.047541839494774e-09
648 3.5335868277234887e-09
649 3.2496648585635035e-09
650 3.106703612639653e-09
651 3.024073836591528e-09
652 1.667723245166389e-09
653 9.588793029393252e-10
654 8.959485787917906e-10
655 8.12732173873665e-10
656 7.610260056661147e-10
657 5.722895474674908e-10
658 4.903216587084268e-10
659 3.1532270793532713e-10
660 9.279070855386737e-11
661 6.188958290187203e-11
662 1.1712256933692868e-11