1 0.3043745329727108
2 0.211653289895752
3 0.1893650164812834
4 0.17600232671736518
5 0.17312911165607084
6 0.15469923529159257
7 0.1433245100623584
8 0.13897668226506146
9 0.13750718090583863
10 0.13482017849877875
11 0.13039963164646584
12 0.12906268217280112
13 0.11871546920153093
14 0.10537712363042998
15 0.0999204772265236
16 0.09954161924962895
17 0.09707006615503011
18 0.08810483404319663
19 0.08460349643922854
20 0.08418857625858604
21 0.08311906700029739
22 0.08193798622552613
23 0.08108293152263765
24 0.07921022570772857
25 0.07899348460708343
26 0.07710268061129899
27 0.07491725996764986
28 0.07440952985506334
29 0.07369717064806316
30 0.07144237957259444
31 0.06403978222434092
32 0.06333296272578212
33 0.06278622347853084
34 0.06157113572848473
35 0.06025183990521137
36 0.05917863887250078
37 0.05882443033197279
38 0.05758013322038509
39 0.055327929407483455
40 0.055085268051218154
41 0.0542841807698114
42 0.05364901961944327
43 0.05302898608217911
44 0.04998087575710144
45 0.04734125445399138
46 0.047174302078563025
47 0.04272273163298018
48 0.04177692989663137
49 0.04162561553222268
50 0.041113134077668805
51 0.04068312591490715
52 0.04000063799960154
53 0.03990270331782255
54 0.03806747566196749
55 0.038054001215909
56 0.037936642982462604
57 0.037335587667147535
58 0.03714697932078679
59 0.03700133460674225
60 0.03670458818523791
61 0.03555974284388057
62 0.035138113618214686
63 0.03509724860126152
64 0.03490670259304877
65 0.03460486453746298
66 0.03420070786455305
67 0.03341372632359952
68 0.03283805860342782
69 0.03235259917391167
70 0.03228035738058923
71 0.03207079815495625
72 0.03191947680327533
73 0.03171825850828416
74 0.031582823993002544
75 0.03153007727953467
76 0.03131802610107788
77 0.031256339059668084
78 0.031207428536458862
79 0.03114095626801475
80 0.03025601133942484
81 0.030106985996182972
82 0.030028875961246388
83 0.030027446416475992
84 0.029929543875088914
85 0.02982826829132661
86 0.029826499386368485
87 0.029735282967882814
88 0.029228990579095136
89 0.02910000358222562
90 0.028526113021721543
91 0.028339208536593767
92 0.028336416754710325
93 0.028306933461799185
94 0.028137235737675154
95 0.02801988146747446
96 0.027662117234142507
97 0.027532832968172126
98 0.027293051693366363
99 0.027228273570949882
100 0.02664471118795794
101 0.026587634613834354
102 0.026585897197745702
103 0.02645884110807173
104 0.02638303119552007
105 0.026374882973583213
106 0.026133532872022292
107 0.02577316753050073
108 0.02572647413922324
109 0.025518322022180937
110 0.02544179245551912
111 0.025321740975193116
112 0.025126164444882682
113 0.02488655047053966
114 0.024755663109718776
115 0.023989193680066887
116 0.02364706532974129
117 0.02334900916935169
118 0.023340405721793387
119 0.023188535785233583
120 0.02289589683305263
121 0.02279949343984887
122 0.022398200592078747
123 0.022206789579166948
124 0.021579543641962625
125 0.021519802108522904
126 0.020605824608253463
127 0.02055959313179776
128 0.020008451883930765
129 0.019614221407227583
130 0.019553962058151363
131 0.01945384408794611
132 0.01944965990886085
133 0.019300084219739687
134 0.01925667286979719
135 0.019048044314883442
136 0.018264768997023027
137 0.01824616106564012
138 0.01800197921454503
139 0.017984841470326883
140 0.01797392713147849
141 0.017911220680784597
142 0.017860132565468822
143 0.01785590679805347
144 0.017833468524547612
145 0.017686022388771008
146 0.01763743129961397
147 0.017520084616244307
148 0.017362418227147153
149 0.01715077769586849
150 0.016858669457929003
151 0.01657871457981889
152 0.016520499578564107
153 0.016294169442934575
154 0.01620788315328266
155 0.016061570560980107
156 0.016008610511917373
157 0.015367836769613424
158 0.015298229261280476
159 0.015164932813554752
160 0.015055542223321998
161 0.014999104278064276
162 0.014900919671373629
163 0.014890991517116191
164 0.014584234339559706
165 0.014561124618083406
166 0.01448512703085664
167 0.01446335687248217
168 0.014283713641003516
169 0.013787014269261027
170 0.01365008087765648
171 0.013255497553614305
172 0.01323614320334046
173 0.013196998823478382
174 0.013011464662227603
175 0.012965146793643521
176 0.012787266246860558
177 0.012755501910545693
178 0.012678966678786124
179 0.012598243681957933
180 0.012346113161513326
181 0.012133536883166752
182 0.01190643470790474
183 0.011783198214838895
184 0.0111555624958604
185 0.011153516360931977
186 0.011134110029807869
187 0.01110710309211079
188 0.010779070522228281
189 0.010750031247278276
190 0.010736702736026464
191 0.01071392226576734
192 0.01044858691840988
193 0.010424820994000992
194 0.010355700219542876
195 0.01035086151031651
196 0.01022040785785922
197 0.010201679029213087
198 0.010183714649209386
199 0.010148834485018847
200 0.010077353499741641
201 0.009929590692107786
202 0.009915333572832703
203 0.00991431381178913
204 0.009896222443696973
205 0.009873183376781478
206 0.009725144599315911
207 0.00955402304872804
208 0.0094811684956384
209 0.009429385902424283
210 0.00942815390217324
211 0.009414355619950743
212 0.009325280658438712
213 0.009268015346244305
214 0.009175377043276945
215 0.00913187285854664
216 0.009093201301975886
217 0.009011323726198832
218 0.008993470018812228
219 0.008844874696697645
220 0.008783876654527182
221 0.008782557183021794
222 0.008556579143722298
223 0.008548048634432207
224 0.008548048634432207
225 0.008442962858571754
226 0.008373420693438237
227 0.008331056298618396
228 0.008226989536942923
229 0.008174046861584136
230 0.00816288474627211
231 0.008130551229647629
232 0.008104083401211245
233 0.008042073431511303
234 0.007984768530411496
235 0.007962911595862715
236 0.00785984725735607
237 0.007825906322072368
238 0.007738477247829494
239 0.007677204695457154
240 0.007647279920138333
241 0.007647175665808933
242 0.0076188726258669464
243 0.007218630157421912
244 0.007152445796743359
245 0.007145298242989856
246 0.0070907737718778245
247 0.007052062435317152
248 0.007035558816606812
249 0.007034788205941479
250 0.0070164343379606605
251 0.007000479559926031
252 0.006982602812612494
253 0.006901971801189741
254 0.006899133705677081
255 0.006876689303453156
256 0.006827892324213331
257 0.0068204796095745895
258 0.006764753454342225
259 0.006744998591233045
260 0.006742501476375772
261 0.006633845325056516
262 0.006570285702055143
263 0.006568632474632501
264 0.006448523021019213
265 0.006396786390294593
266 0.00634599404782329
267 0.006191153727569348
268 0.006191153727569348
269 0.00619042330601956
270 0.006189417188702599
271 0.006068589093231753
272 0.006042268372071701
273 0.006042268372071701
274 0.005950645339364487
275 0.005950645339364487
276 0.005946309075035946
277 0.005881749483793518
278 0.0058367936713418795
279 0.005786228968690317
280 0.005763917550580971
281 0.005639233167083535
282 0.005629967077498366
283 0.005627431857837001
284 0.005613595731529992
285 0.005590243281069829
286 0.005577233323072959
287 0.00555908710699936
288 0.005532407941512989
289 0.0054750255751431515
290 0.005427716581925097
291 0.005423014716096821
292 0.005376268531981761
293 0.0053651819688128296
294 0.005283475287176538
295 0.005277769114242794
296 0.005250320803586146
297 0.005244349270643807
298 0.005212611954520436
299 0.005181804954525695
300 0.005177039973796072
301 0.005146201021859873
302 0.005102171506135275
303 0.005046209454500965
304 0.005025119582608236
305 0.004965692248734469
306 0.004920902183940604
307 0.004919246720117635
308 0.004888467210136087
309 0.004727330056720784
310 0.004676566779401821
311 0.0046495157133058015
312 0.004643009467828832
313 0.004554830122631493
314 0.004525581770114816
315 0.004463013401818397
316 0.004458493893885902
317 0.004450300497955575
318 0.004434768039155329
319 0.0044073017139267465
320 0.004383638151861238
321 0.004379237562387976
322 0.004370993798857979
323 0.00436109974928569
324 0.004296258456621536
325 0.004249967426139527
326 0.004219709822287041
327 0.004203385827579092
328 0.00418215364508859
329 0.004151250351059985
330 0.004131177343778572
331 0.004115086251113284
332 0.004083854568331473
333 0.004024213025725886
334 0.0039939553752990666
335 0.003908465170327369
336 0.0038862214551596943
337 0.0038678042872789128
338 0.0038678042872789115
339 0.0038662833216539733
340 0.003769267574998617
341 0.0037625625900966284
342 0.003758988287233357
343 0.0037482682506882197
344 0.003688516215163168
345 0.0036777451485345636
346 0.003638925501338222
347 0.0036178338133454713
348 0.0035862725983633157
349 0.003562177562474778
350 0.003499913444973454
351 0.0034568990573504983
352 0.003388489255738636
353 0.0033135387842443275
354 0.003299015201091948
355 0.0032857511665482586
356 0.003276676013875395
357 0.0032662529992299625
358 0.0032548940809550213
359 0.003246500668450866
360 0.0032453151328700486
361 0.003235168484790267
362 0.0032343770679553055
363 0.0032338007403335273
364 0.0032200883363034363
365 0.003208141938208752
366 0.0031966292391268324
367 0.0031794708689625627
368 0.003172366546133804
369 0.0031685357995356717
370 0.0031423178864438124
371 0.0031081729034110376
372 0.0030917064134246904
373 0.0030741268160467683
374 0.003066902000336191
375 0.0030257186081694403
376 0.0030257186081694403
377 0.0030257186081694403
378 0.0030257186081694403
379 0.0030257186081694403
380 0.0030257186081694403
381 0.0030257186081694403
382 0.0030257186081694403
383 0.0030257186081694403
384 0.0030257186081694403
385 0.0030257186081694403
386 0.00298904323110072
387 0.0029474000323773254
388 0.0029284306213201825
389 0.0029195730536674003
390 0.002913959897180912
391 0.002911099124137221
392 0.0029108801276032954
393 0.002909103949990957
394 0.0029015540331040267
395 0.002896737416782807
396 0.0028841745747948473
397 0.0028546825473832133
398 0.0028183776980366176
399 0.002807121356821389
400 0.0027483317570922376
401 0.002745070552836086
402 0.002740332872708059
403 0.0027222279292145888
404 0.0027222279292145888
405 0.0026909128250071773
406 0.0026546642129092963
407 0.002651310241737965
408 0.0026446102720658568
409 0.0026356170304733095
410 0.0026343690488924943
411 0.002611107304694214
412 0.0025899747420171024
413 0.0025606234290560174
414 0.002534988964641008
415 0.0025172932936651823
416 0.0025139038287160936
417 0.002494990863223117
418 0.002489704896182687
419 0.0024848129054999913
420 0.0024775234952652075
421 0.00247107116375988
422 0.00243170807649761
423 0.0023759154704004115
424 0.0023729223653580676
425 0.002342079874538796
426 0.002296446199623205
427 0.00225796238277327
428 0.0022385665153166166
429 0.0022297395499155936
430 0.0022133995249797615
431 0.002119232424112997
432 0.0021119996157817635
433 0.0020990468040392395
434 0.0020631602539180607
435 0.0020613872315838992
436 0.0020588837664182458
437 0.002056784904543493
438 0.0020401113017056755
439 0.0020125467629249784
440 0.0020050119551480376
441 0.0020027491342991225
442 0.0019787177413197105
443 0.001955804611546123
444 0.0019242526520330406
445 0.0019159727151971666
446 0.0018366159251181947
447 0.001794028883082566
448 0.0017686279234186257
449 0.0017620845003598407
450 0.001704896178711312
451 0.0016687033745432598
452 0.0016612569505912932
453 0.0016490755178693538
454 0.0016342771696230664
455 0.0016184831903783875
456 0.0015820987719626207
457 0.0014768587982079123
458 0.0014555540274148444
459 0.0014100429641620612
460 0.0013962548909598844
461 0.001348209419313807
462 0.0013284351071908987
463 0.00132012954114453
464 0.0013035560381863699
465 0.0012813333345240935
466 0.001266486172792045
467 0.0012653933779009
468 0.0012572923238581336
469 0.0012434356736290826
470 0.0012256489976198409
471 0.0012256489976198409
472 0.0012203341998984643
473 0.0012062507193850893
474 0.0011818786052041456
475 0.0011744871977302158
476 0.0011587522526526782
477 0.0011384950904759642
478 0.0011324395893230988
479 0.0011286592602780194
480 0.001120334531832262
481 0.001112124973698348
482 0.0010821593553811393
483 0.0010758856485028868
484 0.0010582794498349448
485 0.0010031573967071144
486 0.0009852166278380003
487 0.0009597469544519442
488 0.0009500054390715925
489 0.0009353984646241556
490 0.0009353984646241554
491 0.0009282331868633619
492 0.0009107991521002084
493 0.0009053879793805531
494 0.0008936415744282645
495 0.0008883059309410568
496 0.0008882442929967182
497 0.000886658994209537
498 0.0008742049976365127
499 0.0008534658620616468
500 0.0008440573283556726
501 0.0008440573283556726
502 0.0008438371889066405
503 0.0008035400471103951
504 0.0007948590323779426
505 0.0007771829559693157
506 0.0007668210088784972
507 0.0007230764925717475
508 0.0006975147682437513
509 0.0006817371186096237
510 0.0006767613934784887
511 0.0006696731397597838
512 0.000665234382054627
513 0.0006399853298491724
514 0.00063233007257213
515 0.0006151361442728435
516 0.0006056678591405591
517 0.0005689812487364408
518 0.0005550104207441576
519 0.0005535853455671913
520 0.0005534107009144829
521 0.0005121072405489961
522 0.0005070589185566493
523 0.0004757303165362581
524 0.00044725778049942535
525 0.0004472577804994253
526 0.0004368954293311327
527 0.0004368680266080898
528 0.00043686802660808973
529 0.0004345704723919549
530 0.0004319617178921263
531 0.00039995262763795297
532 0.0003958521167295753
533 0.0003897522883907151
534 0.0003893222920866987
535 0.0003734028968397064
536 0.0003680526902917221
537 0.0003617327369218443
538 0.00034963653451697095
539 0.0003255752764073491
540 0.0003242277977527601
541 0.00032404769545465464
542 0.0003226118093803583
543 0.00031365088097312004
544 0.00031267889475757943
545 0.0002937654042041336
546 0.0002832408808203059
547 0.0002727354095804102
548 0.00025523957238989556
549 0.00023884839316004226
550 0.0002383517474289033
551 0.00023298788814698078
552 0.00022119836794572045
553 0.00021397790308531612
554 0.00021390149604975627
555 0.00020275648799923315
556 0.00015969070432005381
557 0.00014975778969727535
558 0.0001416586439279329
559 0.00012759974938492336
560 0.00012683567902932504
561 0.00012148718654013662
562 0.00011407570409083272
563 0.0001031494980057764
564 0.0001027130666058457
565 9.436268891639542e-05
566 8.891193738713444e-05
567 8.152630694234325e-05
568 5.272085453628569e-05
569 4.5844221335900613e-05
570 2.5214321734745338e-05
571 2.2922110667950307e-05
572 6.876633200385091e-06
573 4.584422133590061e-06
574 4.584422133590061e-06
575 0.0
576 0.0
577 0.0
578 0.0
579 0.0
580 0.0
581 0.0
582 0.0
583 0.0
584 0.0
585 0.0
586 0.0
587 0.0
588 0.0
589 0.0
590 0.0
591 0.0
592 0.0
593 0.0
594 0.0
595 0.0
596 0.0
597 0.0
598 0.0
599 0.0
600 0.0
601 0.0
602 0.0
603 0.0
604 0.0
605 0.0
606 0.0
607 0.0
608 0.0
609 0.0
610 0.0
611 0.0
612 0.0
613 0.0
614 0.0
615 0.0
616 0.0
617 0.0
618 0.0
619 0.0
620 0.0
621 0.0
622 0.0
623 0.0
624 0.0
625 0.0
626 0.0
627 0.0
628 0.0
629 0.0
630 0.0
631 0.0
632 0.0
633 0.0
634 0.0
635 0.0
636 0.0
637 0.0
638 0.0
639 0.0
640 0.0
641 0.0
642 0.0
643 0.0
644 0.0
645 0.0
646 0.0
647 0.0
648 0.0
649 0.0
650 0.0
651 0.0
652 0.0
653 0.0
654 0.0
655 0.0
656 0.0
657 0.0
658 0.0
659 0.0
660 0.0
661 0.0
662 0.0
