1 0.2752163901253357
2 0.2103849913722658
3 0.19886633246829935
4 0.1876129194194788
5 0.1840984592563504
6 0.18092642368993356
7 0.18017621695267472
8 0.1773068782876634
9 0.1666166711653351
10 0.16467877232348788
11 0.16223859516890016
12 0.1532506059443269
13 0.14919522153724538
14 0.14049435775271799
15 0.1376025083614217
16 0.13437360045374522
17 0.13320307967358375
18 0.12564109150377162
19 0.12446670175238454
20 0.12371322822848349
21 0.1236547622015803
22 0.12239039213650237
23 0.11543832278570385
24 0.11466909204541495
25 0.1115701379510876
26 0.11043756772053422
27 0.10672581230369582
28 0.10650608246734354
29 0.10234169010096564
30 0.1023409868005422
31 0.10218549352516539
32 0.09957541092726128
33 0.0951133838603223
34 0.0935050838244612
35 0.09150487011374148
36 0.08837709831972033
37 0.08722963738483343
38 0.08682356363820115
39 0.08618469584725826
40 0.08296263522594564
41 0.08235823076969945
42 0.07975642621783623
43 0.07964356003164258
44 0.07672963955701437
45 0.07599565771837806
46 0.07575412355129904
47 0.0748271575215404
48 0.07402629675942402
49 0.07363189007776937
50 0.07212631594401546
51 0.0693658805982847
52 0.0693251077325191
53 0.0677523229626456
54 0.06325121672675352
55 0.054622381197703795
56 0.05460689812803513
57 0.05454605602665324
58 0.05391343717884084
59 0.0537717183846185
60 0.05291701533679761
61 0.052467853925938675
62 0.05216436178947176
63 0.051537331036247865
64 0.050028473961268485
65 0.048894947634356443
66 0.04797397100434743
67 0.04736700456978352
68 0.0472918231934332
69 0.04672960431096662
70 0.04603285059859733
71 0.04332925097385332
72 0.04263485714846738
73 0.0414605567659691
74 0.040784249442544024
75 0.04028530616130422
76 0.03949607292436894
77 0.037968136938353436
78 0.03706907668437635
79 0.036769044240058356
80 0.036761134215611294
81 0.03595257718710591
82 0.03544191507445399
83 0.03527261067915003
84 0.03439962169669103
85 0.03404212491175161
86 0.03379255792272483
87 0.033398075564036955
88 0.03314302874640299
89 0.032642893786952676
90 0.03252945040522829
91 0.03247548370946983
92 0.03223490984948327
93 0.03165288466660874
94 0.030325446465514706
95 0.029889912950705293
96 0.02916632313679465
97 0.02881371338749537
98 0.028802040651858533
99 0.028527590127694624
100 0.028442617102508165
101 0.02818758868289814
102 0.027708195571474813
103 0.026695160733957633
104 0.02621390759546383
105 0.026198849057927173
106 0.02606144633998545
107 0.02588886985224829
108 0.025883605314202147
109 0.025566714413870067
110 0.025289172081291823
111 0.024719538940323707
112 0.024257341788410564
113 0.023589810362713168
114 0.023485464307477572
115 0.023228817013070138
116 0.023188722983769082
117 0.023063401060005317
118 0.022995831051232915
119 0.022159916528763295
120 0.021444306254385356
121 0.021178096953037115
122 0.021162684570294122
123 0.02099694469379069
124 0.020878292114443975
125 0.020751321177935576
126 0.02067650744530087
127 0.02059191994749751
128 0.020463959679327112
129 0.02036435167064512
130 0.020358940431922556
131 0.02030898552224945
132 0.02021195641715529
133 0.019953579691111733
134 0.019311160333151063
135 0.01923007008304679
136 0.018978394573442914
137 0.018951587351286957
138 0.018799184075563014
139 0.01876904365994611
140 0.018656467942157428
141 0.018579339607419944
142 0.018414865119360236
143 0.018335418833236045
144 0.018205388913998383
145 0.018120337618811513
146 0.018100669955993114
147 0.017895155880285604
148 0.017882775140139653
149 0.017579513685683817
150 0.017466329484445937
151 0.016996119943437915
152 0.016991183238676696
153 0.016882867684117252
154 0.016715665498175956
155 0.016087784890541395
156 0.01605259694749347
157 0.01562564185464603
158 0.01557157401596376
159 0.015519159904029455
160 0.015420083050370199
161 0.015371973792580278
162 0.015305133590786175
163 0.015029653532176572
164 0.014959722115138806
165 0.014958761941357352
166 0.014904301482075118
167 0.014897408064766556
168 0.0147034842376679
169 0.014580551943540155
170 0.014450588107843311
171 0.014357865591742057
172 0.014167962343738617
173 0.014156236341762616
174 0.014152306799705125
175 0.014135443929158468
176 0.014067997934937305
177 0.01405656328744394
178 0.013987918071142334
179 0.013955886279127964
180 0.013819221047280646
181 0.013765482111380395
182 0.013325670097454605
183 0.013290108514822476
184 0.013233742988950515
185 0.013034210116740745
186 0.012957343878394886
187 0.01282819078875047
188 0.012754638431674188
189 0.012579087075264415
190 0.012568876174455679
191 0.012543715547181712
192 0.012489928934415527
193 0.012303603871024983
194 0.01193370308518832
195 0.01155040423463289
196 0.011488691242002169
197 0.011475831367267802
198 0.011475582650948063
199 0.0113981073155058
200 0.011384109686612662
201 0.011371373252430216
202 0.0112143223975412
203 0.011209825314883268
204 0.011075198908655099
205 0.010825658340869883
206 0.010808609095555612
207 0.010681335029458708
208 0.010599251030484962
209 0.010521067469663515
210 0.010439291960520096
211 0.010439079029984196
212 0.010351800149182258
213 0.010338956896609457
214 0.010294812047616354
215 0.010253007592833078
216 0.01020448008671196
217 0.010197508930199583
218 0.010158660401718677
219 0.010091386376525572
220 0.010047111998525624
221 0.01004338666099223
222 0.01001850435252037
223 0.009996972371114845
224 0.009936646119931999
225 0.009832018157205306
226 0.009814036282151996
227 0.009778160122229327
228 0.009777265671714833
229 0.009748504243520405
230 0.009685517522299883
231 0.009415767481725486
232 0.009380198407952026
233 0.009372596998546805
234 0.009344369095765373
235 0.009325983669906267
236 0.00926808452107322
237 0.009191058385884774
238 0.009116886929423395
239 0.008922592166388344
240 0.008918201385383875
241 0.008914708794793115
242 0.008683218646040197
243 0.008551679477777194
244 0.008454912580682419
245 0.008430752629410789
246 0.008386873544775363
247 0.008211305065754678
248 0.008194307340249082
249 0.008110478279984689
250 0.008084573058970168
251 0.008074826761421126
252 0.008045871748462824
253 0.008044108886794124
254 0.00802980302119976
255 0.007964631442217969
256 0.007936464075891797
257 0.007869487629402871
258 0.007807215973597997
259 0.0077301943151325695
260 0.007683822000121521
261 0.007551647881582077
262 0.0074937668609639674
263 0.007483460047000332
264 0.007386188723910053
265 0.007375327378615447
266 0.007375327378615447
267 0.007322032169274679
268 0.007293068822800909
269 0.0072211625367709946
270 0.007179142516115833
271 0.007078556622570723
272 0.0070729423542565915
273 0.007032109828573232
274 0.007028925268799652
275 0.006977415447369005
276 0.006899419795690697
277 0.006873601652285361
278 0.00685360293873489
279 0.006839178654471895
280 0.006826124800930249
281 0.006776359575461513
282 0.006773285294982747
283 0.006766987415058788
284 0.006642823622679271
285 0.006620121706428248
286 0.006619816247036058
287 0.006471183388922211
288 0.006444953805676253
289 0.006391554281993126
290 0.006347951568096102
291 0.006322449608648309
292 0.006195645276442517
293 0.006185400526635581
294 0.006107584093107289
295 0.006098998184325471
296 0.006029548944075451
297 0.006009373474964761
298 0.005987691196871733
299 0.005932019895956892
300 0.005923012181214355
301 0.005859186564106647
302 0.005783463815021391
303 0.005754664685309582
304 0.005733409005061619
305 0.005686384347575234
306 0.005635581586374753
307 0.005495596281626358
308 0.005491322014387092
309 0.005437212170467206
310 0.005397034188886108
311 0.00538593797212534
312 0.00531641470972179
313 0.005313490351700437
314 0.00530130237985341
315 0.00521889077778892
316 0.005206938825400458
317 0.005206317847052979
318 0.005144349161882689
319 0.005117939271009006
320 0.005035969844462996
321 0.004944640284833071
322 0.004892257268639756
323 0.004827494992466337
324 0.00482201469242552
325 0.004685172402006039
326 0.004679534054100117
327 0.004592593360083894
328 0.004572201190296987
329 0.0045610117537032546
330 0.004527109317644193
331 0.004413504855874763
332 0.004401471467802716
333 0.004392601410698471
334 0.004324706156480509
335 0.0043228623988906196
336 0.004317469454174418
337 0.004298247234695589
338 0.004283892200782944
339 0.004251995317129892
340 0.004234264184957828
341 0.004226165517284899
342 0.00419856174766093
343 0.004192569775012509
344 0.004191179871977736
345 0.00416277578823551
346 0.0041234432466456155
347 0.004110205073362934
348 0.004108688581139766
349 0.004039769191889412
350 0.004038357711673523
351 0.003935416256296897
352 0.003824428280858383
353 0.0038045704261798793
354 0.0038008249907876927
355 0.003723721221638482
356 0.0037098263723243886
357 0.003683632601057137
358 0.003667646801665018
359 0.003667100482620285
360 0.0036484650010310685
361 0.003559752057026313
362 0.0035295304549335218
363 0.0035259407723855878
364 0.0035244821284465652
365 0.0034844711382181924
366 0.003475175578526789
367 0.003470096894795341
368 0.0034669229325308758
369 0.003432402628396178
370 0.0033993040604145762
371 0.003388616326891797
372 0.0033592989368616635
373 0.003356113541375827
374 0.003281721449725985
375 0.00327813597337154
376 0.0032514170317695344
377 0.003251239218336836
378 0.003171488237445181
379 0.0031670907586844503
380 0.0031659467670797654
381 0.0031473367452557106
382 0.003078350400594239
383 0.003073119021555661
384 0.003041913391499083
385 0.0030344334722215292
386 0.0030039432345049656
387 0.0029936868362544556
388 0.002953478662436732
389 0.002943584999763079
390 0.0029416188127298648
391 0.0029376760593528718
392 0.0029239766081871343
393 0.0029239766081871343
394 0.002903868680706678
395 0.002848057740395028
396 0.002822946211830136
397 0.0028135302253836786
398 0.0028053345099409667
399 0.00280169901206714
400 0.002784816051480931
401 0.002757622623048134
402 0.0027509867946413644
403 0.0027168988157556893
404 0.002696464364002558
405 0.002675235622543237
406 0.002594465666518753
407 0.002582524013790449
408 0.0025632502952431186
409 0.002553558586334725
410 0.0025403706105870893
411 0.002512233902375515
412 0.002509521166608404
413 0.002505319431799044
414 0.0024971457451465414
415 0.002427169361557843
416 0.0024010223878568387
417 0.0023585073677509696
418 0.0022796414560588745
419 0.0022763258214675932
420 0.0022756276570717877
421 0.0022661997611954777
422 0.002251783409320047
423 0.0022352699981068027
424 0.00223440388688094
425 0.0022066305710036127
426 0.002188085400385756
427 0.002089959828137646
428 0.0020810187752733035
429 0.0020594606121039235
430 0.0020033038106869773
431 0.0019660751031638076
432 0.001965217563804705
433 0.0019628047502902634
434 0.0019265260923579176
435 0.0019048898756133322
436 0.0018737862506503845
437 0.0018197476988679152
438 0.0018136469294141714
439 0.0017891173664175124
440 0.0017559096978807835
441 0.0017533997665890135
442 0.0017299155572649719
443 0.0017263130853953338
444 0.0016767878353161924
445 0.0016700998912009444
446 0.0016564397101628014
447 0.0016257630311982856
448 0.0016209837261884398
449 0.0016174712987663997
450 0.001592580914533901
451 0.0015913701940223756
452 0.0015771451087345436
453 0.0015678979670636917
454 0.0015460657564101235
455 0.001528485049733149
456 0.0014972013875845117
457 0.0014942163645553814
458 0.0014854710589217869
459 0.0014810589610862984
460 0.0014612188052140205
461 0.0014508269753975957
462 0.001445298918209816
463 0.0014408101757806895
464 0.0014370844396589335
465 0.0014121010884324474
466 0.0013269982468523981
467 0.0012939324984995561
468 0.0012918672227537418
469 0.0012772103035157561
470 0.0012521707550042199
471 0.0012311386873286362
472 0.0012309975721275987
473 0.001225420420303803
474 0.0012217048105870982
475 0.0011995228277236168
476 0.001194954638852468
477 0.0011943147803525481
478 0.0011879756118860132
479 0.0011622525575068965
480 0.0011584925449528247
481 0.0011420371464423685
482 0.0011334454918512623
483 0.0011193390909053985
484 0.001110511760122593
485 0.0010866549764980333
486 0.0010866549764980333
487 0.0010856051459308797
488 0.0010661782775488972
489 0.001049779999825266
490 0.0010469320972478764
491 0.0010443605981339595
492 0.0010443605981339595
493 0.0010335500503097208
494 0.0010274310154452157
495 0.0010193398332832735
496 0.001012031927422937
497 0.0009947845714972168
498 0.0009824962649677286
499 0.0009788240793770992
500 0.0009122293873234374
501 0.0009105748927484816
502 0.0009078525764138714
503 0.0008982877352895007
504 0.0008883989605536771
505 0.0008878585762445819
506 0.0008862601132909059
507 0.0008812754402152718
508 0.000881245255001959
509 0.0008738520778695568
510 0.0008736562196753908
511 0.0008667421578279472
512 0.0008628012514569136
513 0.0008266932549406273
514 0.0007847775674135925
515 0.0007778762775102454
516 0.0007728278775840654
517 0.0007648776328035129
518 0.0007576223862343232
519 0.0007461272153194389
520 0.000741026394614376
521 0.000741026394614376
522 0.0007341147263742934
523 0.000712237937796893
524 0.0007032032803141755
525 0.0006909553267810027
526 0.000677925385412637
527 0.0006724607097650128
528 0.0006553709451974508
529 0.0006478527008222832
530 0.0006462685455576808
531 0.0006330738059278571
532 0.0006293233828715153
533 0.0006178320137455254
534 0.0005757750246105629
535 0.0005745003093848861
536 0.0005586809397002268
537 0.0005417212716476725
538 0.0005326544083630775
539 0.0005321406804180615
540 0.0005123909936270266
541 0.0005102880222811268
542 0.0005081195534749286
543 0.0004937068108480658
544 0.000487846439739139
545 0.00047739506922172555
546 0.00046850277097168713
547 0.0004566084078554859
548 0.0004502395757776697
549 0.000426130293565439
550 0.00039626895976446053
551 0.000362459469769528
552 0.0003585722133708758
553 0.0003546214978509981
554 0.00035350387809816484
555 0.0003395681109767772
556 0.00032880515699366345
557 0.00032865227113596706
558 0.00032209189885591726
559 0.0003213043277597833
560 0.0003071326252554125
561 0.0002676618596341178
562 0.00026685627521769525
563 0.0002661417302441316
564 0.0002442889413156647
565 0.00023376395570927103
566 0.00020905933289380922
567 0.0001913916750422362
568 0.00018951926750339322
569 0.00018660216736705645
570 0.00017868331676169672
571 0.00017868331676169672
572 0.00017581478914935485
573 0.00017047341030798952
574 0.00017024422125755251
575 0.00016534027787405893
576 0.00015822214099110867
577 0.00013755512907859366
578 0.00013523451272288962
579 0.00012804428244565918
580 0.00012032749237775307
581 0.0001195847924675851
582 0.00011516440444450916
583 0.000109937860380952
584 0.00010452484665912041
585 0.00010413683251802572
586 0.00010171051477918689
587 0.0001004722984500972
588 9.455747171192445e-05
589 8.713863450448699e-05
590 8.4890944523413e-05
591 7.773050938032117e-05
592 7.731925089241396e-05
593 6.984550943228171e-05
594 6.450158257201486e-05
595 6.268460214199963e-05
596 5.743780306468138e-05
597 5.612969574850851e-05
598 5.14113618066766e-05
599 5.077834763689223e-05
600 4.607480639736803e-05
601 4.3167541433704635e-05
602 4.0994608848826696e-05
603 3.772105824454852e-05
604 3.489329568003133e-05
605 3.275025044309162e-05
606 3.0322345765052093e-05
607 2.9582067032941656e-05
608 2.5992262256421923e-05
609 2.238235651197044e-05
610 1.957589548455439e-05
611 1.8904437619600345e-05
612 1.824358859883249e-05
613 1.7481070497946508e-05
614 1.7332962479503797e-05
615 1.6553503491933017e-05
616 1.6054044334848837e-05
617 1.0345939682458137e-05
618 9.764152092887546e-06
619 8.562156978586045e-06
620 8.562156978586045e-06
621 7.695486876602182e-06
622 6.7953626814174964e-06
623 4.281078489293022e-06
624 4.17914804907176e-06
625 2.8540523261953482e-06
626 2.140539244646511e-06
627 1.4270261630976741e-06
628 0.0
629 0.0
630 0.0
631 0.0
632 0.0
633 0.0
634 0.0
635 0.0
636 0.0
637 0.0
638 0.0
639 0.0
640 0.0
641 0.0
642 0.0
643 0.0
644 0.0
645 0.0
646 0.0
647 0.0
648 0.0
649 0.0
650 0.0
651 0.0
652 0.0
653 0.0
654 0.0
655 0.0
656 0.0
657 0.0
658 0.0
659 0.0
660 0.0
661 0.0
662 0.0
663 0.0
664 0.0
665 0.0
666 0.0
667 0.0
668 0.0
669 0.0
670 0.0
671 0.0
672 0.0
673 0.0
674 0.0
675 0.0
676 0.0
677 0.0
678 0.0
679 0.0
680 0.0
681 0.0
682 0.0
683 0.0
684 0.0
685 0.0