1 0.2668996410827623
2 0.26669339447189583
3 0.2582838335925276
4 0.25619011949620574
5 0.21651098836693974
6 0.2009033539879968
7 0.16766717464155179
8 0.16160772228304346
9 0.13884899855915311
10 0.13697128018382979
11 0.1325377598773041
12 0.12933185113341486
13 0.12125777143375893
14 0.12076472789338036
15 0.11520666990355635
16 0.1133021579819761
17 0.11226717207769006
18 0.11187472188212823
19 0.11173669915008869
20 0.09973118393409416
21 0.09973118393409416
22 0.09855221711146908
23 0.09837998568430682
24 0.09701207048713928
25 0.08969389161715874
26 0.0894966030198178
27 0.08822921267016641
28 0.08713220251384847
29 0.08431715729090807
30 0.08218642126217246
31 0.0815302316928091
32 0.07942038245803142
33 0.07635931460267732
34 0.07348944888046116
35 0.07344448292353106
36 0.07344030683710616
37 0.07211463317666812
38 0.07072894710667871
39 0.07031156215406462
40 0.06655475182966615
41 0.0647395515537306
42 0.0634038364434644
43 0.06201853042871203
44 0.0613798757518146
45 0.06054364659815302
46 0.05889809724037696
47 0.05737493249799688
48 0.05578519324746997
49 0.05529239321389115
50 0.05269195894412343
51 0.052007222364076296
52 0.05148320035819637
53 0.04988591394089956
54 0.04876335627202864
55 0.04610348024161959
56 0.045608083435224385
57 0.04514484234961155
58 0.044777877509287994
59 0.044074414500918285
60 0.04318319454322495
61 0.04278249473791947
62 0.0419876057544429
63 0.04074464100190111
64 0.0406469499806709
65 0.04056202239796957
66 0.04023061005989872
67 0.03828884009943956
68 0.03827138587997933
69 0.03820761273390768
70 0.03753143955906591
71 0.037272008139766485
72 0.03723453155316312
73 0.037226841021428696
74 0.036191813746481505
75 0.03611537129570079
76 0.03599707298238993
77 0.03591747885024489
78 0.03539682534359615
79 0.03431361294292135
80 0.033839608172957995
81 0.03321441869435354
82 0.032898391515850854
83 0.032777122012391434
84 0.032050330645294285
85 0.03199261201536965
86 0.03146737575508667
87 0.030597884289815164
88 0.029275762730099075
89 0.029191255980945796
90 0.02851084364219474
91 0.02810072725473705
92 0.02810072725473705
93 0.02766187880323804
94 0.02740687698140819
95 0.02664155513621204
96 0.02658695504945441
97 0.026457605113049613
98 0.026354906520394072
99 0.026354906520394072
100 0.026354906520394072
101 0.026177404425932617
102 0.02592803311400254
103 0.025290451663330476
104 0.025105182714147235
105 0.02477269199428208
106 0.024765918889750094
107 0.02425593356677313
108 0.024134632827058494
109 0.024134632827058494
110 0.024093405234255183
111 0.024093405234255183
112 0.023807658751754147
113 0.023601059728799268
114 0.0231318841396514
115 0.023008982118218755
116 0.022180444928181536
117 0.020944166845319568
118 0.02061805658624537
119 0.020152047362258615
120 0.020152047362258615
121 0.020119065288015964
122 0.020119065288015964
123 0.020119065288015964
124 0.020119065288015964
125 0.019934866590484223
126 0.019343921102690183
127 0.019207798061753448
128 0.018971236751872976
129 0.01842874058494804
130 0.018339093417013574
131 0.018339093417013574
132 0.018297726423837743
133 0.01800408977720609
134 0.01800408977720609
135 0.017923019553158587
136 0.017890026770450262
137 0.01740024956981474
138 0.01712272237181949
139 0.017066849167477444
140 0.01699930789996591
141 0.016997547547193816
142 0.01699002841955398
143 0.01695900896910143
144 0.01672502456749491
145 0.01634020778754364
146 0.016152970860337408
147 0.016152970860337408
148 0.01612823430465542
149 0.01612823430465542
150 0.01612823430465542
151 0.01612823430465542
152 0.01612823430465542
153 0.01612823430465542
154 0.015534419542978387
155 0.014994963207421578
156 0.014841540765451126
157 0.014827392502651004
158 0.014718708898197364
159 0.014492507513342951
160 0.014359845424012056
161 0.01420180724563316
162 0.013467691321671482
163 0.013431491467903655
164 0.013413076840937762
165 0.013002770494236381
166 0.012508227183341625
167 0.012359609338039056
168 0.012255589087331036
169 0.012162139876976863
170 0.012137403321294876
171 0.012137403321294876
172 0.012137403321294876
173 0.012137403321294876
174 0.012120912284173552
175 0.012120912284173552
176 0.012120912284173552
177 0.012120912284173552
178 0.012120912284173552
179 0.012120912284173552
180 0.012120912284173552
181 0.012120912284173552
182 0.012120912284173552
183 0.012120912284173552
184 0.012071439172809579
185 0.012071439172809579
186 0.01174171004725598
187 0.01150858134977267
188 0.011046832310375582
189 0.010621818113284005
190 0.010384200745718235
191 0.010359257243688044
192 0.010047164366166988
193 0.010047164366166988
194 0.009946674042181894
195 0.00994409538415871
196 0.00951143113241763
197 0.009362923750941374
198 0.008950469158161643
199 0.00894181256077066
200 0.00888840724589994
201 0.008814843061367579
202 0.008736877697447635
203 0.008666177432565399
204 0.008634075786403505
205 0.008520369179351023
206 0.008507807851670721
207 0.008445832309187579
208 0.008328866652484826
209 0.008157820688741393
210 0.008105344745131022
211 0.008105344745131022
212 0.008105344745131022
213 0.008105344745131022
214 0.008105344745131022
215 0.008105344745131022
216 0.008105344745131022
217 0.008105344745131022
218 0.008105344745131022
219 0.008105344745131022
220 0.00809709922657036
221 0.00809709922657036
222 0.00809709922657036
223 0.00809709922657036
224 0.00809709922657036
225 0.00809709922657036
226 0.00809709922657036
227 0.00809709922657036
228 0.00809709922657036
229 0.00809709922657036
230 0.007701405952531465
231 0.007640572348928354
232 0.007622495863974136
233 0.007169553817425035
234 0.007099404568854921
235 0.007095209466593929
236 0.00701982222661983
237 0.006893317172592889
238 0.006846666336845926
239 0.00639335586584881
240 0.00606271860291551
241 0.005998614752881809
242 0.005897882001132383
243 0.005473191803771149
244 0.0054715996974691854
245 0.005404425194906572
246 0.005315610965440284
247 0.0052097934772451174
248 0.0050499678424776135
249 0.004880561700430101
250 0.004862244869913202
251 0.004776903752810349
252 0.004657271748994907
253 0.004250244158966269
254 0.004180816416753676
255 0.004083946446534879
256 0.004056795131845843
257 0.004056795131845842
258 0.004056795131845842
259 0.004056795131845842
260 0.004056795131845842
261 0.004056795131845842
262 0.004056795131845842
263 0.004056795131845842
264 0.004056795131845842
265 0.004056795131845842
266 0.004056795131845842
267 0.004056795131845842
268 0.004056795131845842
269 0.004056795131845842
270 0.004056795131845842
271 0.004056795131845842
272 0.004056795131845842
273 0.004056795131845842
274 0.004056795131845842
275 0.004056795131845842
276 0.004056795131845842
277 0.004056795131845842
278 0.004056795131845842
279 0.004056795131845842
280 0.004056795131845842
281 0.00403535678358812
282 0.003822285557724208
283 0.0038152537905172352
284 0.0037581895668275726
285 0.0037493188386178043
286 0.003748825013605105
287 0.0034223024786028794
288 0.003344010094616139
289 0.003141895950979215
290 0.002983876477420237
291 0.0029338929291929834
292 0.0029243287820688575
293 0.002803770793430914
294 0.002782528767043685
295 0.002660542982983982
296 0.0025794131530538786
297 0.002481140190782493
298 0.002475945990021092
299 0.002411814178993717
300 0.002374591552348443
301 0.0022484087590702137
302 0.0022287734830405393
303 0.0022173769984584783
304 0.0020778706772868944
305 0.001984146616314033
306 0.0019675181538833645
307 0.0019363226086621921
308 0.0019258979173390673
309 0.0018641154246952496
310 0.0016285009216538417
311 0.0015604023912251734
312 0.0015258890858752322
313 0.0015060341490114404
314 0.0014653387424550992
315 0.0014650552305774168
316 0.0014131844983277229
317 0.0012757584110178978
318 0.001138058251054836
319 0.0010191460940978585
320 0.0009660999246909306
321 0.0008060976002399835
322 0.000724231380244837
323 0.0006239109044234458
324 0.00055959585965028
325 0.00038871730357407897
326 0.00024200596975543787
327 0.00020545083746983516
328 0.0001442965748115899
329 0.00012643128459682162
330 7.695817323284794e-05
331 7.214828740579495e-05
332 4.535035208364254e-05
333 1.649103712132456e-05
334 2.7485061868874265e-06
335 0.0
336 0.0
337 0.0
338 0.0
339 0.0
340 0.0
341 0.0
342 0.0
343 0.0
344 0.0
345 0.0
346 0.0
347 0.0
348 0.0
349 0.0
350 0.0
351 0.0
352 0.0
353 0.0
354 0.0
355 0.0
356 0.0
357 0.0
358 0.0
359 0.0
360 0.0
361 0.0
362 0.0
363 0.0
364 0.0
365 0.0
366 0.0
367 0.0
368 0.0
369 0.0
370 0.0
371 0.0
372 0.0
373 0.0
374 0.0
375 0.0
376 0.0
377 0.0
378 0.0
379 0.0
380 0.0
381 0.0
382 0.0
383 0.0
384 0.0
385 0.0
386 0.0
387 0.0
388 0.0
389 0.0
390 0.0
391 0.0
392 0.0
393 0.0
394 0.0
395 0.0
396 0.0
397 0.0
398 0.0
399 0.0
400 0.0
401 0.0
402 0.0
403 0.0
404 0.0
405 0.0
406 0.0
407 0.0
408 0.0
409 0.0
410 0.0
411 0.0
412 0.0
413 0.0
414 0.0
415 0.0
416 0.0
417 0.0
418 0.0
419 0.0
420 0.0
421 0.0
422 0.0
423 0.0
424 0.0
425 0.0
426 0.0
427 0.0
428 0.0
429 0.0
430 0.0
431 0.0
432 0.0
433 0.0
434 0.0
435 0.0
436 0.0
437 0.0
438 0.0
439 0.0
440 0.0
441 0.0
442 0.0
443 0.0
444 0.0
445 0.0
446 0.0
447 0.0
448 0.0
449 0.0
450 0.0
451 0.0
452 0.0
453 0.0
454 0.0
455 0.0
456 0.0
457 0.0
458 0.0
459 0.0
460 0.0
461 0.0
462 0.0
463 0.0
464 0.0
465 0.0
466 0.0
467 0.0
468 0.0
469 0.0
470 0.0
471 0.0
472 0.0
473 0.0
474 0.0
475 0.0
476 0.0
477 0.0
478 0.0
479 0.0
480 0.0
481 0.0
482 0.0
483 0.0
484 0.0
485 0.0
486 0.0
487 0.0
488 0.0
489 0.0
490 0.0
491 0.0
492 0.0
493 0.0
494 0.0