1 0.24507278454573164
2 0.22546641669516604
3 0.19768668055961644
4 0.19145030151361422
5 0.17990064350179893
6 0.1722912738342686
7 0.1626195784227418
8 0.16206246747947067
9 0.161927986224235
10 0.15115957296863555
11 0.14827705547485268
12 0.13825436704267072
13 0.13454298649493987
14 0.1295450351468331
15 0.12810952880196072
16 0.12534450317284013
17 0.12230437970709074
18 0.12099229393828342
19 0.1176924975062193
20 0.11566938691964916
21 0.10799705832037096
22 0.10576221611368486
23 0.10556099510511352
24 0.10537526378796128
25 0.10403176499030924
26 0.10188607467397792
27 0.10109088466850974
28 0.0985621291513372
29 0.09842559656210001
30 0.09278461810701827
31 0.09100812378431132
32 0.08759153301906412
33 0.08333952704795174
34 0.08285538113892424
35 0.08155354451080286
36 0.08146156003569148
37 0.08109059982285337
38 0.07916548021211794
39 0.07723425428916836
40 0.07621631794921048
41 0.07569900295904786
42 0.07375826300224307
43 0.07247472127104505
44 0.07121745568997219
45 0.07094012388654966
46 0.06961901199385394
47 0.0691600725708528
48 0.0679543627918032
49 0.06746396936388657
50 0.06714358105321958
51 0.06596920914292834
52 0.06422861426275081
53 0.05998411679685909
54 0.05925289495932089
55 0.05852295118708815
56 0.05682242826646187
57 0.054669666918071465
58 0.05198989057495313
59 0.05118190928977779
60 0.05032896542467465
61 0.05019543214927811
62 0.04944120457768734
63 0.049356396229851315
64 0.049072961008722736
65 0.04906163374010204
66 0.04897044281005454
67 0.04895731753694489
68 0.04748465120757945
69 0.04689232251985837
70 0.04682190866926562
71 0.04552614950707688
72 0.04547898529351731
73 0.04527619375083013
74 0.04483908488585071
75 0.04325260454655073
76 0.04324342971339367
77 0.0420435838241077
78 0.041957131086471686
79 0.04175152094214304
80 0.04022763059837702
81 0.03957088888873761
82 0.03789574382248339
83 0.037678423237444636
84 0.037390041120902634
85 0.037350083779155926
86 0.037277600233730585
87 0.037142994302091226
88 0.03674977440892343
89 0.036258128714184414
90 0.03621413859345416
91 0.03605533830456277
92 0.03467303119088817
93 0.03455721213066383
94 0.03388790222329077
95 0.033857449600516586
96 0.033246157668961246
97 0.03260267891316062
98 0.03172521352466158
99 0.03115698710715575
100 0.03080988250400465
101 0.030089330884729197
102 0.029587312951136778
103 0.029560777771191264
104 0.029337722985392743
105 0.028614917998767267
106 0.0282790531331546
107 0.028255443262558712
108 0.027917910571019194
109 0.02782247045716894
110 0.027700644103472987
111 0.02659799658699089
112 0.026535259077107038
113 0.026150684362996036
114 0.026116679890473334
115 0.025915322161197466
116 0.025887176539682005
117 0.02560856935457378
118 0.02541427557249704
119 0.02540929337376959
120 0.025333207732083498
121 0.025261856821375776
122 0.025244054441346725
123 0.024939126187701395
124 0.024754929002063067
125 0.024437301026917886
126 0.024100443253055624
127 0.023735781104297658
128 0.023439274654426835
129 0.023433564260996267
130 0.02264915893718122
131 0.022593700307741833
132 0.02217759783168248
133 0.02208239044390731
134 0.02187849627889829
135 0.02170803251794856
136 0.02154810830454096
137 0.0214353425588611
138 0.02134222336905046
139 0.021254776329861266
140 0.021254776329861266
141 0.021149215284533267
142 0.021100420854029387
143 0.020902108298443422
144 0.020800449787334786
145 0.02059624835550064
146 0.020585639741002356
147 0.02035656969251255
148 0.020027433077134348
149 0.019194321602437846
150 0.019145661405369687
151 0.018983409930992574
152 0.018596122543639557
153 0.01850357261223755
154 0.01825730894515473
155 0.01825365387602928
156 0.017464726795248183
157 0.017463694509478447
158 0.017459278594872552
159 0.017008353762114636
160 0.016931387030198433
161 0.016921852741562344
162 0.016888998663278892
163 0.01683455806114532
164 0.01670583758368501
165 0.016529967702419664
166 0.016513531377176226
167 0.01642996690535573
168 0.016418687326321013
169 0.016087979351859027
170 0.015911764496160427
171 0.015784860882909896
172 0.015719647701512504
173 0.015357718255912155
174 0.015206757187135544
175 0.015167999174206371
176 0.014959129620496944
177 0.014795858531866447
178 0.014775002804479728
179 0.014617166499436372
180 0.014495408072239742
181 0.014475223357667676
182 0.014457655701704833
183 0.01434123374813525
184 0.014331470073159614
185 0.014234883384209895
186 0.014017924610105665
187 0.014003988752214253
188 0.014003484009808293
189 0.013996246608941247
190 0.013986181822686338
191 0.013985407608359039
192 0.013865696044487504
193 0.013719770498586952
194 0.013608989635042906
195 0.013567120972202442
196 0.013136033565233145
197 0.013036282968842981
198 0.013030334524177394
199 0.013030334524177394
200 0.012988374397661257
201 0.012818914862880539
202 0.012754406827950994
203 0.012751562937374367
204 0.012719701578537638
205 0.012516169019014376
206 0.012406630716745146
207 0.012272845516369988
208 0.012265103373096982
209 0.012265103373096982
210 0.012257361229823975
211 0.012095085769110234
212 0.012093467135575653
213 0.012003489541325416
214 0.011860463245824123
215 0.01185141485087599
216 0.011788515065790735
217 0.011787244858506097
218 0.011554121766885504
219 0.0114582683178335
220 0.011385939365366459
221 0.011363165271034661
222 0.011273745988683862
223 0.011220843088433857
224 0.011171914217594572
225 0.011115177554969017
226 0.011082031457682433
227 0.010890759829947255
228 0.010889991597772191
229 0.010857568424094372
230 0.010679770502227555
231 0.010679770502227555
232 0.01054665711450893
233 0.010521572708015906
234 0.010510733707433696
235 0.010435426995574855
236 0.010427556472683328
237 0.010236582964429428
238 0.010171071988607705
239 0.009993931793596469
240 0.009880357235870088
241 0.009837464389865982
242 0.009801037240741295
243 0.009422519987698063
244 0.009361818037356178
245 0.009325628048190746
246 0.009231966124809378
247 0.00890647184038472
248 0.008904304643416093
249 0.008780591057617047
250 0.00877726782860753
251 0.008776493614280229
252 0.008774945185625627
253 0.008773396756971027
254 0.008770299899661823
255 0.008770299899661823
256 0.008764106185043419
257 0.008764106185043419
258 0.008764106185043419
259 0.00875789453654715
260 0.008634110763676027
261 0.008578729644971722
262 0.008508536585894361
263 0.008427094422370164
264 0.00839284312989026
265 0.008335564704518558
266 0.008122367344651427
267 0.008032344656836641
268 0.007942958871999143
269 0.007883211267998881
270 0.007709800055737921
271 0.007626641496685224
272 0.007614226110593471
273 0.0074544164637455335
274 0.007450018154352375
275 0.007428006236866168
276 0.0071969101260977
277 0.007058138445582118
278 0.007026769234580748
279 0.007026769234580748
280 0.0070252208059261466
281 0.0070252208059261466
282 0.007022123948616944
283 0.007022123948616944
284 0.007022123948616944
285 0.0070174786626531396
286 0.0070174786626531396
287 0.007005593990213175
288 0.006856770537137698
289 0.006820491280936498
290 0.006793202518546585
291 0.006763009054138226
292 0.006638706171452069
293 0.006635569219670327
294 0.0066344089983041395
295 0.0065234228389446074
296 0.0065234228389446074
297 0.006431918417014617
298 0.006418751214637348
299 0.006414149225831627
300 0.006403610602252342
301 0.006320851055764782
302 0.006320851055764782
303 0.006191816388219084
304 0.006189225043279353
305 0.006144164901457999
306 0.006142100329918533
307 0.005961730512066829
308 0.005951841460175102
309 0.005885688290512828
310 0.005844760432646948
311 0.005839663278391932
312 0.005828735317960857
313 0.005775113156641688
314 0.005773822809515402
315 0.0057020259577112665
316 0.0056949130301679534
317 0.005618539035824521
318 0.005579016979551921
319 0.005538426071273179
320 0.005525976881517778
321 0.005520208498219351
322 0.0055201515730076214
323 0.0055187250739853954
324 0.005503806326404488
325 0.005482633615182217
326 0.005403687549995475
327 0.005401492154322353
328 0.005357170898671873
329 0.005301137984358992
330 0.005286654652389022
331 0.005273947997572064
332 0.005272399568917463
333 0.005270851140262861
334 0.005270851140262861
335 0.005270851140262861
336 0.005270851140262861
337 0.005267754282953659
338 0.005267754282953659
339 0.005267754282953659
340 0.005267754282953659
341 0.005267754282953659
342 0.005267754282953659
343 0.005267754282953659
344 0.005262207087745146
345 0.005109040345857025
346 0.005099779315074339
347 0.005083797586743077
348 0.005050339971832079
349 0.005034293806869889
350 0.0049782072138172245
351 0.004945636277619109
352 0.004914569291638454
353 0.004815540068868008
354 0.004775930330345207
355 0.004715800214545435
356 0.004611109218071595
357 0.004598614539782037
358 0.004433881211632149
359 0.0043944405217585195
360 0.004378956235212506
361 0.004378956235212506
362 0.004342315195096792
363 0.004337967116684275
364 0.004308821019540479
365 0.004306516833781843
366 0.004216371226479368
367 0.004163320406266398
368 0.004052418258631722
369 0.003920083724074514
370 0.003912046247706955
371 0.0038866305794308517
372 0.003849470312626747
373 0.0038474716131172747
374 0.0038238332230351633
375 0.0037791325613348026
376 0.0037043574846912022
377 0.0036866899034296422
378 0.0035895376997600323
379 0.0035400579721926164
380 0.003522675189217982
381 0.003519578331908779
382 0.003517643236104689
383 0.0035164814745995763
384 0.0035164814745995763
385 0.0035164814745995763
386 0.0035164814745995763
387 0.0035164814745995763
388 0.0035164814745995763
389 0.0035164814745995763
390 0.0035164814745995763
391 0.0035164814745995763
392 0.0035164814745995763
393 0.003516481474599576
394 0.003515449188829842
395 0.0035149330459449753
396 0.0035149330459449753
397 0.0035149330459449753
398 0.0035149330459449753
399 0.0035149330459449753
400 0.0035149330459449753
401 0.0035149330459449753
402 0.0035149330459449753
403 0.0035149330459449753
404 0.0035149330459449753
405 0.0035149330459449753
406 0.0035149330459449753
407 0.0035149330459449753
408 0.0035149330459449753
409 0.0035149330459449753
410 0.0035149330459449753
411 0.0035149330459449753
412 0.0035149330459449753
413 0.0035149330459449753
414 0.0035149330459449753
415 0.0035118361886357723
416 0.0035118361886357723
417 0.0035108039028660387
418 0.0035087393313265698
419 0.0035056424740173672
420 0.0035056424740173672
421 0.0034870613301621516
422 0.003471226975842118
423 0.003431870908830291
424 0.0033749051312877577
425 0.0033278064282888744
426 0.0032993837454452905
427 0.003284666792975001
428 0.0031902425480329704
429 0.003073457602843681
430 0.0030387284540911554
431 0.003037833806424055
432 0.0030001219883705197
433 0.0029863830741585795
434 0.0029467749808990192
435 0.0029332816102878583
436 0.0029245253468561643
437 0.0028786759515789843
438 0.0028508707259310784
439 0.00281658449627557
440 0.00280017837898101
441 0.0027537365795476465
442 0.0027488704105361372
443 0.0027086576431126575
444 0.002707181720244266
445 0.002707181720244266
446 0.00264460704097981
447 0.0026374901416708996
448 0.002632328712822228
449 0.002632328712822228
450 0.002628462745895575
451 0.002621799397970939
452 0.0026040765930301023
453 0.0025639999972472387
454 0.0025524151034425047
455 0.0025473177513384857
456 0.00253298841224814
457 0.002530287264484002
458 0.0025038668384883807
459 0.0024765841356015647
460 0.0024740031985475775
461 0.002453495926027822
462 0.0024442120234583285
463 0.002375816774251981
464 0.002348602511187524
465 0.0023285010231757428
466 0.0022787278247811903
467 0.002244120594742193
468 0.002242849745680638
469 0.002239070064425891
470 0.002236883076530129
471 0.002232728494298048
472 0.0022135526659012522
473 0.002205091132066908
474 0.002200882110310648
475 0.0021989419660737816
476 0.0021955109005177952
477 0.0021664201432122945
478 0.002165069207417635
479 0.0021288082027518637
480 0.0021219550434662666
481 0.0020959825207474696
482 0.0020859707065994933
483 0.0020225817517151292
484 0.002014900160269739
485 0.0020136798510205184
486 0.0020124237787240928
487 0.0020071618713104877
488 0.001986925830365764
489 0.001926262451086858
490 0.001905914466559897
491 0.0018882038657021037
492 0.00185627347589888
493 0.0018358833741233679
494 0.001827495880203567
495 0.0018175652792446196
496 0.0018153117903238183
497 0.001812306704489617
498 0.0018071452756409465
499 0.0017964353107799561
500 0.0017904996676039824
501 0.0017868866674099124
502 0.0017711295624818983
503 0.0017652086662454942
504 0.0017621118089362914
505 0.0017597891659543894
506 0.001759531094511956
507 0.001759014951627089
508 0.001759014951627089
509 0.001759014951627089
510 0.001759014951627089
511 0.001759014951627089
512 0.001759014951627089
513 0.001759014951627089
514 0.001759014951627089
515 0.001759014951627089
516 0.001759014951627089
517 0.001759014951627089
518 0.001759014951627089
519 0.001759014951627089
520 0.001759014951627089
521 0.001759014951627089
522 0.001759014951627089
523 0.001759014951627089
524 0.001759014951627089
525 0.001759014951627089
526 0.001759014951627089
527 0.001759014951627089
528 0.001759014951627089
529 0.001759014951627089
530 0.001759014951627089
531 0.001759014951627089
532 0.001759014951627089
533 0.001759014951627089
534 0.001759014951627089
535 0.001759014951627089
536 0.001759014951627089
537 0.001759014951627089
538 0.001759014951627089
539 0.001759014951627089
540 0.001759014951627089
541 0.001759014951627089
542 0.001759014951627089
543 0.001759014951627089
544 0.001759014951627089
545 0.001759014951627089
546 0.001759014951627089
547 0.001759014951627089
548 0.001759014951627089
549 0.001759014951627089
550 0.001759014951627089
551 0.001759014951627089
552 0.001759014951627089
553 0.001759014951627089
554 0.001759014951627089
555 0.001759014951627089
556 0.001759014951627089
557 0.001759014951627089
558 0.001759014951627089
559 0.001759014951627089
560 0.001759014951627089
561 0.001759014951627089
562 0.001759014951627089
563 0.001759014951627089
564 0.001759014951627089
565 0.001759014951627089
566 0.001759014951627089
567 0.001759014951627089
568 0.001759014951627089
569 0.001759014951627089
570 0.001759014951627089
571 0.001759014951627089
572 0.001759014951627089
573 0.001759014951627089
574 0.001759014951627089
575 0.001759014951627089
576 0.001759014951627089
577 0.001756692308645187
578 0.001756692308645187
579 0.0017559180943178862
580 0.0017559180943178862
581 0.0017454657608851605
582 0.0017435306650810758
583 0.0017388853791172718
584 0.0017274645447375755
585 0.0017056601273741023
586 0.0017007276729860254
587 0.0016995294841461554
588 0.001688045304957862
589 0.0016507539815262139
590 0.0016492599393805089
591 0.0016409135189097285
592 0.0015774983156912395
593 0.0015369726286612768
594 0.0015155448699987653
595 0.0014828780703191574
596 0.0014618316180557772
597 0.001452368366435214
598 0.0014279528963288544
599 0.0014279528963288544
600 0.0013770089958586296
601 0.0013522311558352353
602 0.0013466898510006774
603 0.0013098419138780956
604 0.0010702428679765187
605 0.0010566580264450873
606 0.0010352520530342113
607 0.0010104578702495664
608 0.001001506449033299
609 0.0009981171107560046
610 0.000964518437297287
611 0.0009215680162203629
612 0.0009048722118698705
613 0.0008978368050092333
614 0.0008795074758135445
615 0.0008787332614862438
616 0.0008787332614862438
617 0.0008779590471589431
618 0.0008774429042740762
619 0.0008764106185043416
620 0.0008756364041770412
621 0.0008738299040800064
622 0.000852594311102617
623 0.0008409033537145627
624 0.0008380353950144725
625 0.0007980320930911332
626 0.000789781443615354
627 0.0007877273622470399
628 0.0007778961465460407
629 0.0007750115780339645
630 0.0007724766462549363
631 0.0007379310207824823
632 0.0007249411154703065
633 0.0006915254720937768
634 0.0006749356751667177
635 0.0006501050055831917
636 0.0006482920537000958
637 0.0006367217773702306
638 0.000583606446654125
639 0.0005681690821885535
640 0.0005537931112580454
641 0.0005094772681825345
642 0.0004951988791038909
643 0.0004889301980541206
644 0.00048404685724287046
645 0.0004612179084474606
646 0.00045992755123529266
647 0.0004531804294858038
648 0.000434876565771433
649 0.0004265930567537538
650 0.0004239481009707388
651 0.0004036307125385617
652 0.00039894942878145506
653 0.000378333237344163
654 0.0003768759497305949
655 0.000369659188037796
656 0.0002786961798871219
657 0.0002510329463590234
658 0.0002510329463590234
659 0.0002510329463590234
660 0.00024912045142326533
661 0.0002450130274464141
662 0.00023923222713590248
663 0.00022930282107900234
664 0.000227183478058431
665 0.00020514098959043038
666 0.00018817788444873093
667 0.00018626134616247166
668 0.00018251337398863867
669 0.0001665464053744926
670 0.00015071372238119422
671 0.00014972631134837962
672 0.00014250034735745852
673 0.00012842245345750475
674 0.00012338563039400119
675 0.00010819092213792882
676 0.00010815828293252207
677 0.00010671254144627364
678 9.797129301756007e-05
679 9.749939095139585e-05
680 9.54606265561709e-05
681 7.698271127792849e-05
682 6.942121801462545e-05
683 6.554031508507713e-05
684 6.413075344473763e-05
685 6.31823408937943e-05
686 6.142100329918531e-05
687 5.793703882633238e-05
688 5.793703882633238e-05
689 4.954971694724194e-05
690 4.890453834115807e-05
691 4.705748416031221e-05
692 4.210251246558802e-05
693 4.025914501963407e-05
694 3.9743002134766975e-05
695 3.6130001940697265e-05
696 3.338370140533423e-05
697 3.251700174662752e-05
698 3.150192073972223e-05
699 3.1484715976893325e-05
700 2.7355572897956483e-05
701 2.5239387070001363e-05
702 2.477485847362097e-05
703 2.4774858473620963e-05
704 2.348450126145321e-05
705 2.194897617897358e-05
706 2.038764395225059e-05
707 1.868437243218915e-05
708 1.8581143855215728e-05
709 1.726497949880461e-05
710 1.625850087331376e-05
711 1.625850087331376e-05
712 1.1303529178589567e-05
713 1.0064786254908518e-05
714 7.742143273006553e-06
715 7.742143273006553e-06
716 6.632436070542281e-06
717 6.1937146184052426e-06
718 5.0065859832109046e-06
719 3.0968573092026213e-06
720 3.0968573092026213e-06
721 3.0968573092026213e-06
722 3.0968573092026213e-06
723 2.322642981901966e-06
724 2.064571539468414e-06
725 1.5484286546013106e-06
726 1.5484286546013106e-06
727 7.742143273006553e-07
728 7.742143273006553e-07
729 5.161428848671035e-07
730 5.161428848671035e-07
731 5.161428848671035e-07
732 0.0
733 0.0
734 0.0
735 0.0
736 0.0
737 0.0
738 0.0
739 0.0
740 0.0
741 0.0
742 0.0
743 0.0
744 0.0
745 0.0
746 0.0
747 0.0
748 0.0
749 0.0
750 0.0
751 0.0
752 0.0
753 0.0
754 0.0
755 0.0
756 0.0
757 0.0
758 0.0
759 0.0
760 0.0
761 0.0
762 0.0
763 0.0
764 0.0
765 0.0
766 0.0
767 0.0
768 0.0
769 0.0
770 0.0
771 0.0
772 0.0
773 0.0
774 0.0
775 0.0
776 0.0
777 0.0
778 0.0
779 0.0
780 0.0
781 0.0
782 0.0
783 0.0
784 0.0
785 0.0
786 0.0
787 0.0
788 0.0
789 0.0
790 0.0
791 0.0
792 0.0
793 0.0
794 0.0
795 0.0
796 0.0
797 0.0
798 0.0
799 0.0
800 0.0
801 0.0
802 0.0
803 0.0
804 0.0
805 0.0
806 0.0
807 0.0
808 0.0
809 0.0
810 0.0
811 0.0
812 0.0
813 0.0
814 0.0
815 0.0
816 0.0
817 0.0
818 0.0
819 0.0
820 0.0
821 0.0
822 0.0
823 0.0
824 0.0
825 0.0
826 0.0
827 0.0
828 0.0
829 0.0
830 0.0
831 0.0
832 0.0
833 0.0
834 0.0
835 0.0
836 0.0
837 0.0
838 0.0
839 0.0
840 0.0
841 0.0
842 0.0
843 0.0
844 0.0
845 0.0
846 0.0
847 0.0
848 0.0
849 0.0
850 0.0
851 0.0
852 0.0
853 0.0
854 0.0
855 0.0
856 0.0
857 0.0
858 0.0
859 0.0
860 0.0
861 0.0
862 0.0
863 0.0
864 0.0
865 0.0
866 0.0
867 0.0
868 0.0
869 0.0
870 0.0
871 0.0
872 0.0
873 0.0
874 0.0
875 0.0
876 0.0
877 0.0
878 0.0
879 0.0
880 0.0
881 0.0
882 0.0
883 0.0
884 0.0
885 0.0
886 0.0
887 0.0
888 0.0
889 0.0
890 0.0
891 0.0
892 0.0
893 0.0
894 0.0
895 0.0
896 0.0
897 0.0
898 0.0
899 0.0
900 0.0
901 0.0
902 0.0
903 0.0
904 0.0
905 0.0
906 0.0
907 0.0
908 0.0
909 0.0
910 0.0
911 0.0
912 0.0
913 0.0
914 0.0
915 0.0
916 0.0
917 0.0
918 0.0
919 0.0
920 0.0
921 0.0
922 0.0
923 0.0
924 0.0
925 0.0
926 0.0
927 0.0
928 0.0
929 0.0
930 0.0
931 0.0
932 0.0
933 0.0
934 0.0
935 0.0
936 0.0
937 0.0
938 0.0
939 0.0
940 0.0
941 0.0
942 0.0
943 0.0
944 0.0
945 0.0
946 0.0
947 0.0
948 0.0
949 0.0
950 0.0
951 0.0
952 0.0
953 0.0
954 0.0
955 0.0
956 0.0
957 0.0
958 0.0
959 0.0
960 0.0
961 0.0
962 0.0
963 0.0
964 0.0
965 0.0
966 0.0
967 0.0
968 0.0
969 0.0
970 0.0
971 0.0
972 0.0
973 0.0
974 0.0
975 0.0
976 0.0
977 0.0
978 0.0
979 0.0
980 0.0
981 0.0
982 0.0
983 0.0
984 0.0
985 0.0
986 0.0
987 0.0
988 0.0
989 0.0
990 0.0
991 0.0
992 0.0
993 0.0
994 0.0
995 0.0
996 0.0
997 0.0
998 0.0
999 0.0
1000 0.0
1001 0.0
1002 0.0
1003 0.0
1004 0.0
1005 0.0
1006 0.0
1007 0.0
1008 0.0
1009 0.0
1010 0.0
1011 0.0
1012 0.0
1013 0.0
1014 0.0
1015 0.0
1016 0.0
1017 0.0
1018 0.0
1019 0.0
1020 0.0
1021 0.0
1022 0.0
1023 0.0
1024 0.0
1025 0.0
1026 0.0
1027 0.0
1028 0.0
1029 0.0
1030 0.0
1031 0.0
1032 0.0
1033 0.0
1034 0.0
1035 0.0
1036 0.0
1037 0.0
1038 0.0
1039 0.0
1040 0.0
1041 0.0
1042 0.0
1043 0.0
1044 0.0
1045 0.0
1046 0.0
1047 0.0
1048 0.0
1049 0.0
1050 0.0
1051 0.0
1052 0.0
1053 0.0
1054 0.0
1055 0.0
1056 0.0
1057 0.0
1058 0.0
1059 0.0
1060 0.0
1061 0.0
1062 0.0
1063 0.0
1064 0.0
1065 0.0
1066 0.0
1067 0.0
1068 0.0
1069 0.0
1070 0.0
1071 0.0
1072 0.0
1073 0.0
1074 0.0
1075 0.0
1076 0.0
1077 0.0
1078 0.0
1079 0.0
1080 0.0
1081 0.0
1082 0.0
1083 0.0
1084 0.0
1085 0.0
1086 0.0
1087 0.0
1088 0.0
1089 0.0
1090 0.0
1091 0.0
1092 0.0
1093 0.0
1094 0.0
1095 0.0
1096 0.0
1097 0.0
1098 0.0
1099 0.0
1100 0.0
1101 0.0
1102 0.0
1103 0.0
1104 0.0
1105 0.0
1106 0.0
1107 0.0
1108 0.0
1109 0.0
1110 0.0
1111 0.0
1112 0.0
1113 0.0
1114 0.0
1115 0.0
1116 0.0
1117 0.0
1118 0.0
1119 0.0
1120 0.0
1121 0.0
1122 0.0
1123 0.0
1124 0.0
1125 0.0
1126 0.0
1127 0.0
1128 0.0
1129 0.0
1130 0.0
1131 0.0
1132 0.0
1133 0.0
1134 0.0
1135 0.0
1136 0.0
1137 0.0
1138 0.0