1 0.12498625920633176
2 0.12082890541976621
3 0.12033019367128797
4 0.11977246392078374
5 0.11969681019054637
6 0.11945786930027316
7 0.11911995809324254
8 0.11847452328852766
9 0.11726485148514851
10 0.11709577754891864
11 0.11707166392092257
12 0.11705961083084526
13 0.11674709929150837
14 0.1166393106278211
15 0.11611519607843138
16 0.11547836684948203
17 0.11539632599208363
18 0.11530270763614238
19 0.11506932496710859
20 0.11442085136359062
21 0.11417955412733481
22 0.11314558662553488
23 0.11289842120941317
24 0.11275287584291947
25 0.11227411869260392
26 0.11189843519338648
27 0.11150338334804354
28 0.11147058823529411
29 0.11139414127559517
30 0.11136141038197846
31 0.11101347393087288
32 0.11098096632503661
33 0.11092682926829268
34 0.11089437237881596
35 0.11078631978953522
36 0.11057084508411942
37 0.11031337925681575
38 0.11023851076207097
39 0.1099294208643527
40 0.10977022591233829
41 0.10973844223530548
42 0.10960092539039908
43 0.10932692307692307
44 0.10916946711473836
45 0.10906474820143885
46 0.10902291686643015
47 0.1090020132297958
48 0.10888718636276576
49 0.10854415274463007
50 0.10834762721555175
51 0.10815181204223343
52 0.10789523628772063
53 0.10782361308677098
54 0.10781338896263987
55 0.10776229741256753
56 0.1075685903500473
57 0.10741615493623051
58 0.10722368917389664
59 0.10701176470588235
60 0.10693125176337816
61 0.10691114245416079
62 0.10646067415730337
63 0.10645070686265332
64 0.10642081617371771
65 0.10640089837170129
66 0.10602387168966804
67 0.10593496692443864
68 0.10563969153581715
69 0.10562006502554575
70 0.10562006502554575
71 0.10535581912527799
72 0.10517065951345851
73 0.10515120688060668
74 0.10508317929759704
75 0.10508317929759704
76 0.10506375900942524
77 0.10496676514032496
78 0.10493770189201661
79 0.10493770189201661
80 0.10493770189201661
81 0.10493770189201661
82 0.10492801771871539
83 0.10491833533265664
84 0.10490865473334564
85 0.10489897592028785
86 0.10483127420247096
87 0.10483127420247096
88 0.1048216096616576
89 0.10470577401233999
90 0.10467685509114344
91 0.10463832136940916
92 0.10455172413793104
93 0.10446527012127894
94 0.10422586854890457
95 0.10422586854890457
96 0.10419721407624634
97 0.10403513587702443
98 0.10396854425749817
99 0.10394003108145168
100 0.10385458531238582
101 0.1036085292509568
102 0.10355191256830601
103 0.10352362742420104
104 0.10342945510779587
105 0.1033918341365827
106 0.10331667423898228
107 0.10303579519710014
108 0.10288661659578319
109 0.1027471534429785
110 0.10268219994581414
111 0.10268219994581414
112 0.10263585484744539
113 0.1024785939612438
114 0.10244166141093793
115 0.10219306129786086
116 0.10219306129786086
117 0.10191825026891359
118 0.10170856069415869
119 0.10165400089405453
120 0.10146350169552025
121 0.10133689839572192
122 0.10117458622530699
123 0.10114758473445423
124 0.1011205976520811
125 0.10111160515784794
126 0.10110261426284901
127 0.10109362496665777
128 0.10097690941385436
129 0.10070859167404783
130 0.10060166342240312
131 0.100512729844413
132 0.10035304501323919
133 0.10032648019059384
134 0.10029108229690395
135 0.100220361392684
136 0.10020269674803912
137 0.09990334768473771
138 0.0998594765501493
139 0.09972809402683976
140 0.099570890620895
141 0.09954473822447908
142 0.09942287513116474
143 0.09937073938122706
144 0.09936205540505112
145 0.09924930167597765
146 0.09918004187020238
147 0.09915409435772216
148 0.09915409435772216
149 0.09915409435772216
150 0.09910224004183736
151 0.09905906952430737
152 0.09905043993379214
153 0.09905043993379214
154 0.09898145729955601
155 0.0989556135770235
156 0.09892117626587785
157 0.09879224954383525
158 0.09875792582298272
159 0.09861231569817866
160 0.09847566256712281
161 0.09845008225820417
162 0.0983989614885331
163 0.09834789378081481
164 0.09829687905247687
165 0.098211972013475
166 0.09820348937640352
167 0.09820348937640352
168 0.09806796618940831
169 0.0979750107712193
170 0.09795812871543035
171 0.09784853700516351
172 0.09784011702951553
173 0.09781486579490709
174 0.09779803887837606
175 0.09776440240756663
176 0.0977139910622207
177 0.09769719883141434
178 0.09766363167840578
179 0.09762170516012707
180 0.09748778187430335
181 0.09747106729532791
182 0.09744600617072334
183 0.09744600617072334
184 0.09742095792991175
185 0.09722103463018383
186 0.09717948717948718
187 0.09717948717948718
188 0.09716287814048881
189 0.09709649871904355
190 0.09702193019882242
191 0.09693921050387927
192 0.0967494894486045
193 0.09668367346938775
194 0.09666723346369666
195 0.09664258393540162
196 0.09657691327614032
197 0.09651133180544945
198 0.0964867617107943
199 0.09647857445905812
200 0.09622545700744753
201 0.09622545700744753
202 0.0962091724488069
203 0.0962091724488069
204 0.09619289340101522
205 0.09617661986127558
206 0.09610345701969403
207 0.0960304054054054
208 0.09598986914309836
209 0.09590080971659919
210 0.09582806573957016
211 0.09569096111765696
212 0.09562657695542473
213 0.09562657695542473
214 0.09561049445005046
215 0.09559441735328737
216 0.09558638083228248
217 0.09557834566240753
218 0.09557834566240753
219 0.09557031184332185
220 0.09555424825615598
221 0.09553819006806151
222 0.09551411290322581
223 0.0954499664204164
224 0.09536190556068104
225 0.09536190556068104
226 0.09534591194968553
227 0.09532992370252369
228 0.09516237027117509
229 0.09514644351464435
230 0.09508278976417461
231 0.09501128102281274
232 0.0949874686716792
233 0.09497953387352769
234 0.09495573743110072
235 0.09490025874300977
236 0.09489233850776164
237 0.09488441959442544
238 0.0948369338560347
239 0.0948369338560347
240 0.09478949562317632
241 0.09478159386462154
242 0.09476579429904984
243 0.0947342109648392
244 0.09440385254068416
245 0.09434118818453369
246 0.09430206519034585
247 0.09430206519034585
248 0.09429424448498921
249 0.09423953584749274
250 0.09420049710024855
251 0.09418489065606361
252 0.09410693593775865
253 0.09407579017044514
254 0.09406022501654533
255 0.09398247644238718
256 0.09390485629335976
257 0.09388934764657308
258 0.09388934764657308
259 0.09384285242654342
260 0.09380414157247752
261 0.09378093038601122
262 0.09374227059114519
263 0.0936496170002471
264 0.093526363412026
265 0.09338809034907597
266 0.09321964417479708
267 0.0932043610131978
268 0.09296051017905323
269 0.09296051017905323
270 0.09293011851246424
271 0.09292252370055573
272 0.09272549339422606
273 0.09272549339422606
274 0.09272549339422606
275 0.09267258945309316
276 0.09257449926722032
277 0.09249918646274
278 0.09246157599414491
279 0.09240897269180755
280 0.092386446737629
281 0.09237143553497441
282 0.092326431181486
283 0.09212445308701993
284 0.09211698938669691
285 0.09201262442340374
286 0.09196796893957777
287 0.09193078913324709
288 0.09190849567536982
289 0.09190849567536982
290 0.09190106692531523
291 0.09188621302731534
292 0.09183426217591471
293 0.09182684542077209
294 0.09172313649564376
295 0.09172313649564376
296 0.09167876149008225
297 0.09158276278695127
298 0.09157538659793814
299 0.09157538659793814
300 0.0915164198325821
301 0.0914648861716676
302 0.09142811193309745
303 0.09139136725343622
304 0.09136199276818
305 0.0913546520970593
306 0.09133997429305912
307 0.09127398249979932
308 0.09117151792157806
309 0.09117151792157806
310 0.09112767492185622
311 0.09112767492185622
312 0.09110576923076923
313 0.09109846967390434
314 0.09108387406873347
315 0.0908727621483376
316 0.0908509788254095
317 0.09072049788558206
318 0.0907132599329823
319 0.090648170294188
320 0.09064094387755102
321 0.09059760956175299
322 0.09053989488772098
323 0.09053989488772098
324 0.09048945483485873
325 0.09046065717240831
326 0.09041030534351145
327 0.0902667513496348
328 0.09023809523809524
329 0.09017368546276469
330 0.0901665344964314
331 0.0901665344964314
332 0.09015938466418207
333 0.09014508840085626
334 0.09013794196924052
335 0.09007367503762972
336 0.08998100664767332
337 0.08993830090175606
338 0.08993118721822352
339 0.0898885287374496
340 0.08980333307005765
341 0.08976788252013264
342 0.08976079576853241
343 0.08967584194337093
344 0.08966169860421103
345 0.08963342530547891
346 0.08959104877472224
347 0.08934464875058934
348 0.08923946315045915
349 0.08923946315045915
350 0.08923946315045915
351 0.0892114554727344
352 0.0892044563000157
353 0.08916947690377225
354 0.08913452492944497
355 0.08910658307210031
356 0.08904377789960059
357 0.08902286251174445
358 0.08900892437764209
359 0.08896017526015179
360 0.08894625674724244
361 0.08887672946142422
362 0.08884200656352555
363 0.08883506523947184
364 0.08881424777378534
365 0.08880037488284911
366 0.0887934400624756
367 0.0887934400624756
368 0.08865497076023392
369 0.08862042088854248
370 0.08857899657214086
371 0.0885651970711949
372 0.08844807467911318
373 0.08840681128994635
374 0.0883793237465993
375 0.08832439990678163
376 0.08817371074059713
377 0.08813270289124873
378 0.08811221326720396
379 0.0880030959752322
380 0.08794863861386139
381 0.08783314020857474
382 0.0877992277992278
383 0.08778567016676961
384 0.08777211672070404
385 0.08768412123081669
386 0.08765032377428307
387 0.087616552361871
388 0.08753560705212103
389 0.08751539408866996
390 0.08751539408866996
391 0.08746153846153847
392 0.08745481116837166
393 0.08745481116837166
394 0.08740774907749077
395 0.08736745043798985
396 0.08736745043798985
397 0.08733389661264306
398 0.0872936660268714
399 0.0872936660268714
400 0.08726686622150587
401 0.08725347248868084
402 0.08723338959644009
403 0.0871798803864438
404 0.08703973053663018
405 0.08699977044915448
406 0.0869864585724122
407 0.08692660550458715
408 0.08690003057169061
409 0.0867740212165153
410 0.08675415840073249
411 0.08671446003660768
412 0.0867078471745596
413 0.08668140580925517
414 0.08665498056550568
415 0.08664177398460718
416 0.08662857142857143
417 0.08649676683149486
418 0.0863916115796672
419 0.0862867116946194
420 0.08626707132018209
421 0.08625398270368685
422 0.08623435722411832
423 0.08623435722411832
424 0.08616247347681115
425 0.08599304189986387
426 0.08599304189986387
427 0.08599304189986387
428 0.0858501963153126
429 0.08583075413301125
430 0.08583075413301125
431 0.08574660633484163
432 0.08559813295189339
433 0.08556592414208308
434 0.08554017454107735
435 0.08553373956217558
436 0.08533473431401982
437 0.0853155248743153
438 0.08528992573700397
439 0.08528352835283529
440 0.08526434195725534
441 0.08524516419253261
442 0.08520044960659423
443 0.08513027852650494
444 0.08509842077688795
445 0.08504749794300247
446 0.08502841758899192
447 0.08500934579439252
448 0.08496487819458974
449 0.0848760824126605
450 0.08481909735173443
451 0.08481909735173443
452 0.08474955277280859
453 0.08473060585736641
454 0.08468642931625205
455 0.08463599821348816
456 0.08463599821348816
457 0.08463599821348816
458 0.08459821428571429
459 0.08459821428571429
460 0.08459192024402946
461 0.0845793349698728
462 0.08454788816180844
463 0.08454160160606737
464 0.08451646472905672
465 0.08449134279557108
466 0.08447878742848651
467 0.08444114370590419
468 0.08432841355781354
469 0.08431590656284761
470 0.08423470143724997
471 0.08422846136750871
472 0.08422222222222223
473 0.08420974670419197
474 0.08418480675255442
475 0.0841723423156648
476 0.08397961444715267
477 0.08395481060326368
478 0.08393002140695358
479 0.08392382639503985
480 0.08391143911439114
481 0.08389905548996458
482 0.08389905548996458
483 0.08389286504832878
484 0.08389286504832878
485 0.08386192653783744
486 0.08384955752212389
487 0.08380629468563426
488 0.08377541998231654
489 0.08376307646972153
490 0.08373840035351303
491 0.08371990280538988
492 0.0835599323877416
493 0.08354151359294636
494 0.08339445503887341
495 0.08338833883388339
496 0.08328450043949605
497 0.08319918044782672
498 0.08317483540599854
499 0.08314442413162705
500 0.08311403508771929
501 0.08298058677565319
502 0.08294426612197257
503 0.08289588801399825
504 0.08287172011661807
505 0.08281136198106337
506 0.08277518928363424
507 0.0827691635728325
508 0.08276313873926336
509 0.08275711478273529
510 0.08272700814901048
511 0.08270895468102131
512 0.08269692341261183
513 0.08263681953630352
514 0.08261880540619096
515 0.0826128024413282
516 0.08257080610021786
517 0.08256481010819838
518 0.08255881498693
519 0.0824211670895252
520 0.08240921939552076
521 0.08237339708758966
522 0.08231376239774126
523 0.08230184581976113
524 0.08229588882455124
525 0.08228993269161178
526 0.08228397742075554
527 0.08227802301179535
528 0.08227206946454414
529 0.08211164873257745
530 0.08204647135228749
531 0.08204055126632513
532 0.0819341356200908
533 0.0819341356200908
534 0.08190462469384815
535 0.08189872505942519
536 0.08186334509323925
537 0.08185745140388768
538 0.08183388513027207
539 0.0818044463630477
540 0.08174563232439427
541 0.0817045127910319
542 0.08167516701386394
543 0.0816693003878753
544 0.08165170556552963
545 0.08159896655662409
546 0.08159896655662409
547 0.08159896655662409
548 0.08159896655662409
549 0.08158725602755454
550 0.08157554885923375
551 0.081441157510207
552 0.08138286450504617
553 0.08131302295644711
554 0.08120848510820655
555 0.08108108108108109
556 0.08098290598290599
557 0.0809367881548975
558 0.0808504586503591
559 0.08084470989761092
560 0.08077578857630009
561 0.08071844384495243
562 0.08064401730619193
563 0.0805925715905869
564 0.0805925715905869
565 0.08049557522123894
566 0.08045570336824229
567 0.08044431866421395
568 0.08039312734214805
569 0.08037607804326312
570 0.08031362576817122
571 0.08026260059296908
572 0.08003097064827198
573 0.07999155761924863
574 0.07998593035525853
575 0.07984550561797753
576 0.07984550561797753
577 0.07980627500526427
578 0.0797055730809674
579 0.07969439966355926
580 0.07965531736023539
581 0.07962742488969816
582 0.07962742488969816
583 0.07955499580184719
584 0.079527173532909
585 0.079527173532909
586 0.07949937071738218
587 0.0794493746069457
588 0.07943827289876336
589 0.07943827289876336
590 0.07943827289876336
591 0.07943272320804806
592 0.0793717277486911
593 0.0793661873516683
594 0.07933296120569355
595 0.07930529399455953
596 0.07923344947735192
597 0.07921136965305837
598 0.07921136965305837
599 0.07920033435497353
600 0.07918930213121604
601 0.07915071353985381
602 0.0789693012918461
603 0.07894736842105263
604 0.07894188710685274
605 0.07885428947915944
606 0.07880510119212641
607 0.0787887187305107
608 0.0787014605108327
609 0.0787014605108327
610 0.07867967614697945
611 0.07862526796210498
612 0.07861439535366106
613 0.07860896017699115
614 0.07860896017699115
615 0.07860896017699115
616 0.078592659155319
617 0.07858722698368814
618 0.07858722698368814
619 0.07857093497339507
620 0.07857093497339507
621 0.07851667702506733
622 0.07851667702506733
623 0.07851667702506733
624 0.07851667702506733
625 0.07851667702506733
626 0.07851667702506733
627 0.07851125535147079
628 0.07842461029107463
629 0.07841379310344827
630 0.07835975189524466
631 0.07821959273527793
632 0.07819807427785419
633 0.07817119284977656
634 0.07813358988455195
635 0.07811748540020612
636 0.07805849237951394
637 0.07805849237951394
638 0.07804241883451163
639 0.07799958839267339
640 0.07799958839267339
641 0.07796215030170049
642 0.07794611640501817
643 0.07789805426144149
644 0.07772764561115669
645 0.07770108658511583
646 0.07769577695776958
647 0.07769577695776958
648 0.07747870528109028
649 0.07747342600163533
650 0.07744176542705354
651 0.07743121765186597
652 0.07741013071895425
653 0.07740486078017564
654 0.07740486078017564
655 0.07737852184565129
656 0.07736799129014697
657 0.07732589771490751
658 0.07718416943859888
659 0.0771789302199294
660 0.07694389930297084
661 0.07688666486340276
662 0.07685548195214276
663 0.07682432432432433
664 0.07680356660362064
665 0.07679319194920978
666 0.07678282009724473
667 0.07676726757139964
668 0.07676726757139964
669 0.07666891436277815
670 0.0766534079417515
671 0.07663790779185764
672 0.07662757784067933
673 0.07662757784067933
674 0.07659660468876314
675 0.07659660468876314
676 0.0765759698275862
677 0.07656565656565656
678 0.07655534608133585
679 0.07653473344103393
680 0.07652443128281061
681 0.07650898324473454
682 0.07648325036997175
683 0.07645753479927375
684 0.07645753479927375
685 0.07643697478991597
686 0.07642156203790833
687 0.07641129032258065
688 0.07637023105857066
689 0.07637023105857066
690 0.07634971796937953
691 0.07634971796937953
692 0.07633434038267875
693 0.07633434038267875
694 0.07623709266461043
695 0.07623709266461043
696 0.07622176040758866
697 0.07610951201552982
698 0.07610951201552982
699 0.07609932400776387
700 0.076078956172633
701 0.07605351170568563
702 0.07605351170568563
703 0.07602300080235357
704 0.07597220366163303
705 0.07590120160213618
706 0.07581010801440193
707 0.07575454727163702
708 0.07573436355158862
709 0.07573436355158862
710 0.07568395127471211
711 0.07564366974918502
712 0.07564366974918502
713 0.07563863757317722
714 0.07563360606665337
715 0.07563360606665337
716 0.07557328015952143
717 0.07556825734414463
718 0.07555319290318294
719 0.07553813446718044
720 0.07553813446718044
721 0.07550803559569665
722 0.07549299515304429
723 0.07549299515304429
724 0.07547295054762695
725 0.0754679410593389
726 0.07546293223601248
727 0.0754479097544791
728 0.0754479097544791
729 0.07528305634642124
730 0.07527308838133069
731 0.07520338646735895
732 0.07505941378399789
733 0.07500494755590738
734 0.07488145416227608
735 0.07485187623436472
736 0.0746307843780768
737 0.07430401254737942
738 0.07430401254737942
739 0.07426518615284128
740 0.07422640031335684
741 0.07416345965690431
742 0.07407648706756141
743 0.07407166123778501
744 0.07406683603674027
745 0.0739127608398882
746 0.07388394307622327
747 0.0738551477752517
748 0.07382637491072008
749 0.07381678893722002
750 0.07381678893722002
751 0.07380241464364533
752 0.07378325762491889
753 0.07375932533246837
754 0.07374497340770528
755 0.07359699656935724
756 0.07359699656935724
757 0.07359223300970874
758 0.07359223300970874
759 0.0735541467201449
760 0.07348284107800684
761 0.07343063807801602
762 0.07343063807801602
763 0.07326975125660523
764 0.07326030927835052
765 0.07319428350714562
766 0.07317073170731707
767 0.07311897106109325
768 0.07310956790123457
769 0.07309076883517614
770 0.07301566914975598
771 0.07294540322063257
772 0.07294540322063257
773 0.07291265871489035
774 0.07289863435276014
775 0.07288928777485736
776 0.0728799435933594
777 0.07283792440743113
778 0.07279129321382842
779 0.07272610976077779
780 0.07251737993494484
781 0.07251737993494484
782 0.07250813085900133
783 0.07225929456625357
784 0.07222257511274853
785 0.07219506000380976
786 0.07210349419747607
787 0.07191196002782872
788 0.07188013655329371
789 0.07187104930467762
790 0.07187104930467762
791 0.07181203814817154
792 0.07179843394796666
793 0.07177124100492362
794 0.07168074643802799
795 0.07167170953101362
796 0.0715364288410721
797 0.07151393169381721
798 0.07142857142857142
799 0.07137476459510358
800 0.07134789156626506
801 0.0713389383862467
802 0.07132998745294855
803 0.07131209232313096
804 0.07127632898696089
805 0.07125399511186313
806 0.0712227511901779
807 0.07121829000939556
808 0.07121382938744833
809 0.07120045087356754
810 0.07120045087356754
811 0.07120045087356754
812 0.07118262067238465
813 0.07116479939913625
814 0.07112473414237458
815 0.07112473414237458
816 0.07110694183864916
817 0.07109804902451225
818 0.07109804902451225
819 0.07101811367895065
820 0.0709915084915085
821 0.07098707623150402
822 0.07095606590114828
823 0.07095606590114828
824 0.07095606590114828
825 0.07091623526476643
826 0.07088086777632317
827 0.0707661666770399
828 0.07072214965478633
829 0.07072214965478633
830 0.07068258112644536
831 0.07068258112644536
832 0.07043300501765472
833 0.07033714815960408
834 0.07033714815960408
835 0.0703327972287517
836 0.07026325546903968
837 0.07020685396727384
838 0.07018518518518518
839 0.07018518518518518
840 0.07018518518518518
841 0.07018518518518518
842 0.07018085303376335
843 0.070176521417109
844 0.07002525097000678
845 0.06999507510465403
846 0.06992189902220036
847 0.06986175115207373
848 0.06959236136614029
849 0.06939273725968874
850 0.06927435569365746
851 0.0691858342460752
852 0.06911433955382651
853 0.06911013858497447
854 0.06910173817916616
855 0.06910173817916616
856 0.06908914139879686
857 0.06905557242635894
858 0.06905557242635894
859 0.0690471852796502
860 0.0690471852796502
861 0.06902622632345799
862 0.06900528008739455
863 0.06892162211311148
864 0.06882149990920647
865 0.06882149990920647
866 0.06880900508351488
867 0.0687965147939735
868 0.06877986812655011
869 0.06875075583504656
870 0.06873413130214001
871 0.06871751480720416
872 0.06871751480720416
873 0.06870090634441088
874 0.06869260512324794
875 0.06852700096432016
876 0.0684115523465704
877 0.0683539737886257
878 0.0683539737886257
879 0.06834575619139216
880 0.06830059470174807
881 0.06829649207111965
882 0.06828828828828828
883 0.06821863562728746
884 0.06820635872825435
885 0.06818590704647676
886 0.06817364192349203
887 0.06810830238409009
888 0.06806752873563218
889 0.06805123294230309
890 0.06805123294230309
891 0.06805123294230309
892 0.06796987087517933
893 0.06795768334229872
894 0.06794550017927573
895 0.06794550017927573
896 0.06794144009560801
897 0.06794144009560801
898 0.06793332138376053
899 0.06791303309043126
900 0.06789681117878897
901 0.06788870312873178
902 0.06785629028407734
903 0.06785629028407734
904 0.06782390837508948
905 0.06782390837508948
906 0.06775923718712754
907 0.06774712506703212
908 0.06770678258798309
909 0.06761819803746655
910 0.06761819803746655
911 0.06739375259320728
912 0.06737777777777777
913 0.06736979320969366
914 0.0673618105337994
915 0.0670875619542129
916 0.06707568874992625
917 0.06707568874992625
918 0.06705986434680035
919 0.06705590941259731
920 0.06705590941259731
921 0.06704009433962264
922 0.06700058927519151
923 0.06689022237910343
924 0.06687055225548433
925 0.06679983549732683
926 0.06677629647031186
927 0.06669795271895348
928 0.06669404035664007
929 0.06668621700879765
930 0.06667057581798991
931 0.06659247979383859
932 0.06659247979383859
933 0.0665535003512058
934 0.06654181541522795
935 0.066487339921642
936 0.066487339921642
937 0.06646402057637224
938 0.06641355140186916
939 0.06638253152732368
940 0.06628964552238806
941 0.0662703269802413
942 0.0662471595874847
943 0.0662471595874847
944 0.06609312329244899
945 0.06609312329244899
946 0.06609312329244899
947 0.06609312329244899
948 0.06605472607912624
949 0.0660432156133829
950 0.0660355441979324
951 0.06580241912147694
952 0.06562013043227333
953 0.0656125569854002
954 0.06544638231738906
955 0.06542002301495972
956 0.06542002301495972
957 0.0653448275862069
958 0.06527729934550465
959 0.06507182510158531
960 0.06507182510158531
961 0.06506810117889436
962 0.06500114337983078
963 0.06489355630386394
964 0.06482326111744584
965 0.06479001652515813
966 0.06475680601435244
967 0.06474943052391799
968 0.06473099914602903
969 0.06471994535519125
970 0.06469048702776513
971 0.06465002558708137
972 0.06465002558708137
973 0.06459860235213909
974 0.06459860235213909
975 0.06458759372869802
976 0.06457292139936392
977 0.06456192152631877
978 0.06455459035939363
979 0.06444116980276582
980 0.06440101954120646
981 0.06440101954120646
982 0.06437914047902157
983 0.06434634974533107
984 0.06433178680547698
985 0.06433178680547698
986 0.06429540827866999
987 0.064280868385346
988 0.06413583032490974
989 0.06411413104770497
990 0.0639914452949122
991 0.06398424310635903
992 0.06392668390869223
993 0.06378323796701448
994 0.06377608256674894
995 0.06377608256674894
996 0.06374032963336697
997 0.06364755933721451
998 0.06363687244640959
999 0.06363687244640959
1000 0.06360483329603939
1001 0.06359771786553306
1002 0.06354085168212809
1003 0.0635195530726257
1004 0.0635195530726257
1005 0.06312808839042808
1006 0.06312808839042808
1007 0.06288716814159293
1008 0.06286282965665949
1009 0.06285240464344942
1010 0.06285240464344942
1011 0.0627968629183696
1012 0.06257911827838626
1013 0.0625309354891932
1014 0.06252749670039595
1015 0.062294543063773834
1016 0.062294543063773834
1017 0.06229113022516847
1018 0.06216171887813679
1019 0.06216171887813679
1020 0.062154922648007434
1021 0.0619854985553072
1022 0.061965229712790885
1023 0.061955100261551876
1024 0.06166277997722219
1025 0.06162935660469402
1026 0.061582624708877216
1027 0.061582624708877216
1028 0.06154595647937642
1029 0.06140635126377187
1030 0.06134009495036685
1031 0.06134009495036685
1032 0.060916153227966785
1033 0.060837926052758305
1034 0.06082816178044083
1035 0.06082165400663314
1036 0.06082165400663314
1037 0.06078913601368691
1038 0.06072744752443519
1039 0.060701510864342535
1040 0.06068531169940222
1041 0.06055602897315722
1042 0.06055602897315722
1043 0.06054957929491959
1044 0.06050768985152467
1045 0.06050768985152467
1046 0.06048837580464968
1047 0.060459427842178025
1048 0.060459427842178025
1049 0.060414452709883104
1050 0.06028632025450689
1051 0.0602735368956743
1052 0.06026075895696417
1053 0.06026075895696417
1054 0.06026075895696417
1055 0.06026075895696417
1056 0.06017146486028789
1057 0.06014600084638172
1058 0.05996835443037975
1059 0.059955705547352876
1060 0.059955705547352876
1061 0.059924106672288396
1062 0.05980433410477593
1063 0.05980433410477593
1064 0.059798043546860205
1065 0.05974776668418287
1066 0.05916944213155704
1067 0.05916944213155704
1068 0.05916944213155704
1069 0.0589394017935825
1070 0.058927183208084995
1071 0.05892107581489351
1072 0.05889970990468297
1073 0.05889970990468297
1074 0.0588966588966589
1075 0.05864754732552741
1076 0.058526792608225665
1077 0.058526792608225665
1078 0.058382541720154044
1079 0.05810506950122649
1080 0.0580902263321923
1081 0.058084291187739466
1082 0.058054633648200155
1083 0.058054633648200155
1084 0.058054633648200155
1085 0.058054633648200155
1086 0.057921548650025474
1087 0.05742134235644664
1088 0.057363402451944906
1089 0.057351828499369484
1090 0.05730846774193549
1091 0.05730846774193549
1092 0.05730846774193549
1093 0.05730846774193549
1094 0.05710698141637368
1095 0.05710698141637368
1096 0.057095510695992766
1097 0.056878439219609805
1098 0.05687274909963986
1099 0.05685
1100 0.05683863227354529
1101 0.05683863227354529
1102 0.05683863227354529
1103 0.05683863227354529
1104 0.05677619095176271
1105 0.05675918530351438
1106 0.056736526946107785
1107 0.056578423566878984
1108 0.05643240023823705
1109 0.05571344570756566
1110 0.055686159271231266
1111 0.05517007132806056
1112 0.054975340876124164
1113 0.054956740296776066
1114 0.054903665073156596
1115 0.05478461983232148
1116 0.054752961571800055
1117 0.054752961571800055
1118 0.054752961571800055
1119 0.054752961571800055
1120 0.054752961571800055
1121 0.054752961571800055
1122 0.054752961571800055
1123 0.05402451772308277
1124 0.05402451772308277
1125 0.05381993751775064
1126 0.05381993751775064
1127 0.053733459357277885
1128 0.05372838106039127
1129 0.05281739211223115
1130 0.052775714816190124
1131 0.052775714816190124
1132 0.052775714816190124
1133 0.052775714816190124
1134 0.052287882271786615
1135 0.0521607486925406
1136 0.05211293427445229
1137 0.051073578294852214
1138 0.050995694294940795