1 0.16059280855199223
2 0.15433107634835397
3 0.15084436330442721
4 0.1499206169199365
5 0.14968297101449277
6 0.14810665471655837
7 0.14594833296533452
8 0.14543454345434542
9 0.1438207136640557
10 0.14347731712611245
11 0.1415720711073035
12 0.14145088808046222
13 0.14001270917178563
14 0.13880722385552288
15 0.1380246397995406
16 0.13730785209804736
17 0.13606422396047757
18 0.13595228301110654
19 0.13533988533988534
20 0.13404988846075847
21 0.13394123606889563
22 0.13348142164781907
23 0.13270427624974904
24 0.13265101344571542
25 0.13225290116046418
26 0.13196246755839489
27 0.13141153081510934
28 0.13022064617809298
29 0.12902596135077105
30 0.12877459575297098
31 0.12810077519379845
32 0.12810077519379845
33 0.128001549186677
34 0.12792723050125798
35 0.12785299806576403
36 0.12726222564497497
37 0.12704209110128772
38 0.12701767870868563
39 0.12701767870868563
40 0.12679838864377518
41 0.12662835249042145
42 0.12628964463125716
43 0.12571319893495625
44 0.12566539923954373
45 0.12566539923954373
46 0.12547456340167046
47 0.12545074966786868
48 0.1252131085432847
49 0.12488191951634234
50 0.12481117824773413
51 0.12481117824773413
52 0.12462292609351433
53 0.12459943449575872
54 0.12429484768710042
55 0.12410814870446864
56 0.12399174638904521
57 0.12382914949419258
58 0.12371326969867116
59 0.12362072190013092
60 0.12355140186915888
61 0.12343604108309991
62 0.12270280304436607
63 0.12263450834879407
64 0.12256628963471167
65 0.1223847435660063
66 0.12209087550794237
67 0.12123991195891416
68 0.1211954528786212
69 0.120576431959139
70 0.12000726216412491
71 0.11994193431319179
72 0.11992017416545718
73 0.11983321247280639
74 0.11983321247280639
75 0.1197897789054005
76 0.11976807392643594
77 0.11950822636051348
78 0.11867145421903053
79 0.11862885857860732
80 0.11848001433948736
81 0.1182468694096601
82 0.11818344359020204
83 0.11818344359020204
84 0.11814119749776586
85 0.11786733238231098
86 0.11784631841683009
87 0.11711552090715804
88 0.1170947741364039
89 0.11703257790368272
90 0.11676382264617559
91 0.11672258520218966
92 0.11653737658674189
93 0.11627088830255057
94 0.11610750043913579
95 0.11608710923779417
96 0.1159445711278723
97 0.1158835904628331
98 0.11582267390923427
99 0.11572128851540617
100 0.11562008046178066
101 0.11535776614310646
102 0.11521701237580617
103 0.11515679442508711
104 0.1151367357603205
105 0.11511668408220133
106 0.11505657093124456
107 0.11495652173913043
108 0.11495652173913043
109 0.1148766075773375
110 0.11475694444444444
111 0.11471711211384936
112 0.11469720631615478
113 0.11469720631615478
114 0.11465741543798785
115 0.11447869760997575
116 0.11443905817174516
117 0.11439944617514711
118 0.1143598615916955
119 0.11430053605395124
120 0.11424127203594885
121 0.11410322803383394
122 0.11404416839199448
123 0.11380853994490359
124 0.11357388316151203
125 0.1134763948497854
126 0.11345691726742191
127 0.11332076118635351
128 0.11316555384351995
129 0.11314618281410475
130 0.11310746064339494
131 0.11256811989100818
132 0.11254895283500767
133 0.11254895283500767
134 0.11249149081007488
135 0.11245321537938074
136 0.112434087429835
137 0.11237674260455627
138 0.11220505856391105
139 0.11214794706481167
140 0.11203389830508474
141 0.11199593358183667
142 0.1118064952638701
143 0.1117497886728656
144 0.1117497886728656
145 0.1116176967240797
146 0.11158001350438893
147 0.11150472334682861
148 0.1113732097725358
149 0.11131694173122264
150 0.11118587047939445
151 0.11116717120753447
152 0.11112979152656355
153 0.11112979152656355
154 0.1111111111111111
155 0.11101780315754115
156 0.11096189357058922
157 0.11090604026845638
158 0.1108316566063045
159 0.1108316566063045
160 0.11079450217901442
161 0.11057209769153563
162 0.1104243234213164
163 0.1103874415497662
164 0.11024016010673783
165 0.11022177755544439
166 0.1101299566811063
167 0.11005661005661006
168 0.10989193682460516
169 0.10989193682460516
170 0.10967313754770201
171 0.10947333554157006
172 0.10929232804232804
173 0.10929232804232804
174 0.10925619834710744
175 0.10923814245579243
176 0.10907590759075908
177 0.10905791123576968
178 0.10902193633514762
179 0.10889621087314662
180 0.10871710526315789
181 0.10866348841032385
182 0.1086456278763971
183 0.1086456278763971
184 0.10860992441669405
185 0.10859208148513225
186 0.1085207683467411
187 0.10848514688987362
188 0.10848514688987362
189 0.1084673449294388
190 0.1084673449294388
191 0.10843175853018373
192 0.10841397408561587
193 0.108201014896055
194 0.10818330605564648
195 0.1081479057591623
196 0.1081479057591623
197 0.10800653594771242
198 0.10777759660851133
199 0.10768980123818833
200 0.1076021487872375
201 0.1075496257728604
202 0.10751463890696161
203 0.10749715400878192
204 0.10742727124979684
205 0.10740981475463113
206 0.1073923639317628
207 0.10716601815823605
208 0.10709656513285806
209 0.10709656513285806
210 0.10702720207253887
211 0.10694062449441838
212 0.1069060326702248
213 0.1068714632174616
214 0.1066817301484829
215 0.10664730558244595
216 0.10644122383252819
217 0.10644122383252819
218 0.10642408629850265
219 0.10635559131134352
220 0.10623593699774991
221 0.10621886549895548
222 0.10609951845906902
223 0.10606546854942234
224 0.10596344982366143
225 0.1059464657797724
226 0.10591251402018907
227 0.10582772974703811
228 0.10577692430788926
229 0.1057092595554134
230 0.1057092595554134
231 0.10565856777493605
232 0.10559105431309904
233 0.1054731131322802
234 0.10543946402935077
235 0.10543946402935077
236 0.1053890306122449
237 0.10535543512910424
238 0.10507073597202353
239 0.10507073597202353
240 0.10507073597202353
241 0.10505403687221869
242 0.10502065459167462
243 0.10497062093060187
244 0.10485406091370558
245 0.10483743061062649
246 0.10483743061062649
247 0.10480418582527351
248 0.10477096211760976
249 0.10460515904415256
250 0.10453898465918077
251 0.10445638432364096
252 0.10443987991783853
253 0.10439039797852179
254 0.10422579627877641
255 0.10414368993225145
256 0.1040780979373327
257 0.10404533291358413
258 0.10402895813660686
259 0.10396351053790501
260 0.10394716150338104
261 0.10376766091051805
262 0.10375137341076754
263 0.10371881374548877
264 0.10370254157514905
265 0.10362125725035272
266 0.10350767303476355
267 0.10345907027703866
268 0.10342669378813957
269 0.10342669378813957
270 0.10331353547983745
271 0.10328125
272 0.10326511482580847
273 0.10324898469228366
274 0.10324898469228366
275 0.10316840955205245
276 0.10315230961298377
277 0.1031201248049922
278 0.10310403993136796
279 0.10308796007485964
280 0.10273546782716816
281 0.10257603972687772
282 0.10257603972687772
283 0.10254421346571517
284 0.10248062015503875
285 0.10246473414974422
286 0.10243297690996436
287 0.10236952144958959
288 0.10230614455966569
289 0.10230614455966569
290 0.10213226205191595
291 0.10206917850525016
292 0.1019118100524206
293 0.1019118100524206
294 0.10175492610837439
295 0.10175492610837439
296 0.10173926427581961
297 0.10162976629766297
298 0.101504914004914
299 0.10128715905608336
300 0.1012561274509804
301 0.10116314661769207
302 0.10110125420617926
303 0.10110125420617926
304 0.1010394374808927
305 0.1010394374808927
306 0.10093143991449076
307 0.10083905415713196
308 0.10079292467215614
309 0.10074683737235178
310 0.10057821059038345
311 0.10053231939163498
312 0.10051703163017031
313 0.10048647005168744
314 0.10047119623043016
315 0.10042540261318748
316 0.10039489671931956
317 0.10031871300652603
318 0.10019705926936487
319 0.10016669192301864
320 0.10012117540139352
321 0.10001513088213043
322 0.0999697519661222
323 0.0999244142101285
324 0.0999244142101285
325 0.0999093107617896
326 0.09989421187849479
327 0.09972842486421243
328 0.09971338060039221
329 0.09965324890698025
330 0.0996382273138378
331 0.0996382273138378
332 0.0996382273138378
333 0.09962321024868123
334 0.09960819770946354
335 0.09960819770946354
336 0.09956318722699202
337 0.09944335790582218
338 0.09936861094407697
339 0.09936861094407697
340 0.09935367503381932
341 0.0992790627816161
342 0.09921945361753227
343 0.09920456250938016
344 0.09918967587034815
345 0.09911530964162543
346 0.09901138406231276
347 0.09898173105720276
348 0.09887808526551982
349 0.09887808526551982
350 0.09881895649573927
351 0.09880418535127056
352 0.09873039581777446
353 0.09870091085560699
354 0.09864199373227876
355 0.09862727544016711
356 0.09859785202863962
357 0.09853905784138342
358 0.09853905784138342
359 0.09853905784138342
360 0.09852437024891936
361 0.09843633655994043
362 0.09842167957117332
363 0.09834846005058771
364 0.0983338292174948
365 0.09831920273687342
366 0.09830458060678168
367 0.09801304863582444
368 0.09792592592592593
369 0.0978824226269806
370 0.09770879526977087
371 0.09766548463356974
372 0.09765105628600974
373 0.09760779681039575
374 0.09757897844700325
375 0.09740642499263188
376 0.09739207308088994
377 0.09726309593878753
378 0.09716301631633104
379 0.09704889149904566
380 0.09702040217231762
381 0.09689240691879214
382 0.09683562847934368
383 0.09676474893866198
384 0.09675058548009367
385 0.09662330068703406
386 0.09656683710737765
387 0.09656683710737765
388 0.09655273152205668
389 0.09627148266822022
390 0.09621542940320232
391 0.09617343227120617
392 0.09617343227120617
393 0.09614545454545455
394 0.09586656997824511
395 0.09586656997824511
396 0.09581098709957965
397 0.09565846599131693
398 0.0955340367105073
399 0.09542370434531543
400 0.09538239538239539
401 0.0953686336747944
402 0.0953686336747944
403 0.09534112216933506
404 0.09532737236804154
405 0.09531362653208364
406 0.09531362653208364
407 0.09525868280732094
408 0.09510791366906475
409 0.09506687760678843
410 0.09506687760678843
411 0.0949712643678161
412 0.09491671453187824
413 0.09487584326108799
414 0.09484861529631224
415 0.09483500717360115
416 0.09480780263912794
417 0.09471270955724316
418 0.09465845625089503
419 0.09449606862044317
420 0.09442857142857143
421 0.09440159954298771
422 0.09434770196974022
423 0.09433423719138005
424 0.09422665716322166
425 0.09422665716322166
426 0.09419980048453755
427 0.09402560455192034
428 0.09401223154601053
429 0.0939587775408671
430 0.09391872691105428
431 0.09390538428754085
432 0.09389204545454545
433 0.09383872799545713
434 0.09374556800453836
435 0.09363932568352458
436 0.09345397992365333
437 0.09345397992365333
438 0.09324305261673015
439 0.09313794561082148
440 0.09311170587406677
441 0.09309859154929577
442 0.09305927073067718
443 0.09304617117117117
444 0.09301998311286237
445 0.09298072865381911
446 0.0929676511954993
447 0.09275891103003087
448 0.09257703081232493
449 0.09237003912800447
450 0.09227977104565126
451 0.09213827711179258
452 0.09213827711179258
453 0.09199721642310368
454 0.09199721642310368
455 0.09198441413860284
456 0.09197161541672465
457 0.09188212399221574
458 0.09184382381547868
459 0.09183106418449569
460 0.0916909418782078
461 0.0916909418782078
462 0.09150055370985603
463 0.09146257091462572
464 0.09142461964038727
465 0.09142461964038727
466 0.09128573401463887
467 0.09127312896989782
468 0.09112213950923628
469 0.09103429279713537
470 0.09098417068134894
471 0.09092159559834938
472 0.09090909090909091
473 0.09074684239428885
474 0.0907343857240906
475 0.0907343857240906
476 0.09069703622392974
477 0.0906721536351166
478 0.09065971745988205
479 0.09064728469555677
480 0.09064728469555677
481 0.09064728469555677
482 0.09056035073297712
483 0.09044882320744389
484 0.09034991798797157
485 0.09028821199289715
486 0.09028821199289715
487 0.09004222857921264
488 0.09002996458730592
489 0.08999319264805991
490 0.08987083616587356
491 0.08979758185029207
492 0.08959067497966929
493 0.08957853367664995
494 0.08953000135446296
495 0.08939680822288341
496 0.08939680822288341
497 0.08938471940500338
498 0.08936055157496282
499 0.08925195787199568
500 0.08914362778152393
501 0.0890715536989624
502 0.08901158093186103
503 0.08898761443187937
504 0.08893972012917115
505 0.08892775460782995
506 0.08892775460782995
507 0.08868911847578156
508 0.08865343347639484
509 0.0885465505693235
510 0.0885465505693235
511 0.08827457264957266
512 0.08827457264957266
513 0.08807461692205197
514 0.08782885995216583
515 0.08780552603613177
516 0.08777054839994688
517 0.08777054839994688
518 0.08774724545333865
519 0.08772395487723955
520 0.08770067666180177
521 0.08764253513656856
522 0.0876076872100729
523 0.08759607739199576
524 0.08756126639289973
525 0.0871916633689487
526 0.08716866675458262
527 0.08714568226763349
528 0.08708827404479579
529 0.08698512962231873
530 0.08696224181028812
531 0.08679096638655462
532 0.08676818062483592
533 0.08660901467505241
534 0.08657498362802882
535 0.08637135763752776
536 0.08630369499934717
537 0.08629242819843343
538 0.08628116433885916
539 0.08614622702984491
540 0.08604530070294195
541 0.0860117111255693
542 0.08598933263952127
543 0.08594461058379925
544 0.08586645882047285
545 0.08572169627804435
546 0.08571058091286307
547 0.0855663430420712
548 0.08541155188008787
549 0.0853233509745708
550 0.08530132920376823
551 0.08524632447768893
552 0.08490687219010919
553 0.08490687219010919
554 0.08476532444216466
555 0.08474358974358974
556 0.0846025854345322
557 0.08457011258955988
558 0.0840325451309433
559 0.08401118454499237
560 0.08384069000507356
561 0.08375570197668525
562 0.08374509058659572
563 0.08360738679483937
564 0.0832913306451613
565 0.08327034517510708
566 0.08323888679007682
567 0.08316557624559638
568 0.08301934187390103
569 0.082842461461336
570 0.08268701526144609
571 0.08247036805988771
572 0.08240867722229149
573 0.08229581673306773
574 0.08215262242107879
575 0.08213220675944334
576 0.0819387628610388
577 0.08186772355709686
578 0.08184744923229322
579 0.08172601384767557
580 0.0815847938780548
581 0.08148422090729783
582 0.08144406111384919
583 0.08105456774984672
584 0.08088595203132648
585 0.08081672576109548
586 0.0806884765625
587 0.0806786280971561
588 0.08062942181019761
589 0.08032567748207559
590 0.08030615964038391
591 0.08025740650801359
592 0.08022818303192135
593 0.08020871253488654
594 0.07999515914316833
595 0.0797731112720251
596 0.07974423935335988
597 0.07958102576450758
598 0.07951401419463491
599 0.07932317292691708
600 0.07924709267473924
601 0.07924709267473924
602 0.07923759290338049
603 0.07922809540932518
604 0.07920910724985021
605 0.07920910724985021
606 0.07915219734163573
607 0.07892537313432836
608 0.0789065297839322
609 0.07883124627310674
610 0.07877487784531045
611 0.07873734365693866
612 0.07848492044644978
613 0.07827116637063351
614 0.0782341105456267
615 0.0777830077665333
616 0.07765507518796992
617 0.07743673851921275
618 0.07742766779899261
619 0.07723767235335359
620 0.07713852258139807
621 0.07703064910849551
622 0.07694098475148411
623 0.07688728626264976
624 0.076336759441044
625 0.07619596541786744
626 0.07613453121400598
627 0.07598574548798713
628 0.07581144626677372
629 0.07577668233405939
630 0.07534480793343212
631 0.07463023597154793
632 0.0745628877608573
633 0.0744453204189661
634 0.07411144747168966
635 0.07388777107086966
636 0.07365723200356586
637 0.07333037497226537
638 0.07326535136333408
639 0.07213794608752593
640 0.07213794608752593
641 0.07208287895310796
642 0.07206716092455298
643 0.07121310062486533
644 0.07054429028815368
645 0.07021457403866582
646 0.06959359865234786
647 0.06948386418585094
648 0.06944736289136373
649 0.06834160463192722
650 0.06780878128846943
651 0.06724313326551373
652 0.06695026840879166
653 0.06575805809789097
654 0.06547147385103011
655 0.06498869334382067
656 0.06354547202461065
657 0.06353325643983083
658 0.061718020541549956
659 0.061028529221678514
660 0.05975411318025674
661 0.058135444151275285
662 0.05638969459136666
