1 0.1495752427184466
2 0.14813701923076922
3 0.14260919872722014
4 0.1413012324448266
5 0.14065620542082738
6 0.138288920056101
7 0.13755580357142858
8 0.1355512785262579
9 0.13529088913282108
10 0.1345891345891346
11 0.13356813871579518
12 0.13356813871579518
13 0.13356813871579518
14 0.1323845327604726
15 0.13164218958611482
16 0.13160704751735183
17 0.13097768331562168
18 0.13080392677102679
19 0.13066525311423272
20 0.13063063063063063
21 0.13063063063063063
22 0.13063063063063063
23 0.1305960264900662
24 0.13031985196933651
25 0.12963449907967395
26 0.1292267365661861
27 0.1288888888888889
28 0.1287206266318538
29 0.12855280312907433
30 0.12848579619494396
31 0.12808521693946479
32 0.12785269709543567
33 0.12732438016528927
34 0.12729150529305447
35 0.12716017539334537
36 0.12683303318754824
37 0.1264426776096435
38 0.12628073770491804
39 0.12582950484941297
40 0.12579739729522837
41 0.12566913076726996
42 0.12544529262086515
43 0.1252222504445009
44 0.12515866971312517
45 0.1245578575037898
46 0.12386934673366834
47 0.12386934673366834
48 0.1236518685728618
49 0.12340425531914893
50 0.12325
51 0.12291199202193967
52 0.12282012954658694
53 0.12221120475954388
54 0.12212038642556354
55 0.12205991582074771
56 0.12199950507300174
57 0.12178853754940712
58 0.1210112911143839
59 0.12098159509202454
60 0.12083333333333333
61 0.12056737588652482
62 0.12030258662762323
63 0.1202145818093148
64 0.11989299610894942
65 0.11986384634087041
66 0.11960213488597768
67 0.11957312636429784
68 0.11939937030758052
69 0.11934156378600823
70 0.11931268151016457
71 0.11922611850060459
72 0.11896718146718147
73 0.11888111888111888
74 0.11885245901639344
75 0.11862367661212704
76 0.11839577329490875
77 0.11797080641301746
78 0.11785799665311977
79 0.11785799665311977
80 0.11785799665311977
81 0.11774540243611177
82 0.11768918596323705
83 0.11757691390412592
84 0.11743687470223917
85 0.11729716868903164
86 0.1171021377672209
87 0.11682464454976303
88 0.1167969675432362
89 0.115890926187118
90 0.115890926187118
91 0.11580925534413906
92 0.11572769953051643
93 0.11570053977939451
94 0.11570053977939451
95 0.11556493202062822
96 0.11556493202062822
97 0.11534861956013102
98 0.11534861956013102
99 0.11532163742690059
100 0.11532163742690059
101 0.11532163742690059
102 0.11518691588785046
103 0.11507936507936507
104 0.11505250875145857
105 0.11502566495566963
106 0.11497201492537314
107 0.11462450592885376
108 0.11451800232288037
109 0.11433209647495361
110 0.11433209647495361
111 0.11430558775794111
112 0.11406756131420638
113 0.11406756131420638
114 0.11393575225329328
115 0.11346375143843498
116 0.11335939296389974
117 0.1129438717067583
118 0.1129438717067583
119 0.1129438717067583
120 0.11284046692607004
121 0.11258278145695365
122 0.11258278145695365
123 0.11227510817581417
124 0.11214740673339399
125 0.11214740673339399
126 0.11189287335451657
127 0.1118421052631579
128 0.11179138321995465
129 0.11174070716228468
130 0.11169007702763933
131 0.11136209622769369
132 0.11136209622769369
133 0.1112113692758854
134 0.11103603603603604
135 0.11076162660076387
136 0.11071187963170896
137 0.11046381357831056
138 0.11043906810035842
139 0.11038961038961038
140 0.11036489814192971
141 0.11024150268336315
142 0.11024150268336315
143 0.11006921187765126
144 0.10967741935483871
145 0.10931263858093127
146 0.10887809187279152
147 0.10880600308982565
148 0.10880600308982565
149 0.10875799691153762
150 0.10863816659321288
151 0.10856639506716582
152 0.10839929639401935
153 0.10820895522388059
154 0.10794832493978541
155 0.10794832493978541
156 0.10790107244473626
157 0.10761842392490722
158 0.10761842392490722
159 0.10743081281324908
160 0.10736062717770035
161 0.10726718885987815
162 0.10717391304347826
163 0.10710406256789051
164 0.10708079930495222
165 0.10703430308293531
166 0.10698784722222222
167 0.10698784722222222
168 0.1069182389937107
169 0.10682556879739978
170 0.10661764705882353
171 0.10661764705882353
172 0.1060671256454389
173 0.10597592433361995
174 0.10588487972508591
175 0.10588487972508591
176 0.1058621430105218
177 0.10554485120959109
178 0.10522945570971184
179 0.10502769492969749
180 0.10500532481363152
181 0.10484900042535092
182 0.10484900042535092
183 0.10484900042535092
184 0.10484900042535092
185 0.10480442176870748
186 0.10480442176870748
187 0.10478214665249734
188 0.10475988100297493
189 0.10475988100297493
190 0.10473762481410664
191 0.10462648556876061
192 0.10462648556876061
193 0.10449342941924544
194 0.10447128628946811
195 0.10418427726120034
196 0.10374579124579125
197 0.10374579124579125
198 0.10374579124579125
199 0.1037021455616323
200 0.1037021455616323
201 0.10346274921301155
202 0.10315965683197321
203 0.10283687943262411
204 0.10262281432139883
205 0.10262281432139883
206 0.10243091626843964
207 0.1023883696780893
208 0.10230338244449055
209 0.10213383053656515
210 0.10202814569536424
211 0.10121125025662081
212 0.10110746513535684
213 0.10104529616724739
214 0.10081799591002046
215 0.10069444444444445
216 0.10061224489795918
217 0.10057119543043655
218 0.10026438885499288
219 0.10016253555465258
220 0.10016253555465258
221 0.1001421897217144
222 0.1001421897217144
223 0.09991892987434131
224 0.09977737300141672
225 0.09969666329625884
226 0.09969666329625884
227 0.09969666329625884
228 0.09969666329625884
229 0.09957584326398708
230 0.09941520467836257
231 0.09903575733226196
232 0.09899598393574296
233 0.09828548644338118
234 0.0980899323517708
235 0.09805091487669053
236 0.09801192842942345
237 0.09793404847040127
238 0.09787571967440938
239 0.09770114942528736
240 0.09766244057052298
241 0.09764309764309764
242 0.09745008895038546
243 0.09745008895038546
244 0.09739233504543658
245 0.09725784178338923
246 0.09723865877712032
247 0.09720031545741326
248 0.09716200236499803
249 0.097123719464145
250 0.09702814406612871
251 0.09702814406612871
252 0.0970090515545061
253 0.09697088906372935
254 0.09697088906372935
255 0.09689465408805031
256 0.09689465408805031
257 0.09681853888452474
258 0.09679952876497153
259 0.0967425431711146
260 0.09664771613409136
261 0.09649637893912703
262 0.09613884555382216
263 0.09598909657320873
264 0.0958398133748056
265 0.0958398133748056
266 0.09572815533980583
267 0.09570957095709572
268 0.09491721216788603
269 0.09489894128970164
270 0.09489894128970164
271 0.09488067744418784
272 0.09488067744418784
273 0.09488067744418784
274 0.09488067744418784
275 0.09488067744418784
276 0.09486242062728498
277 0.09486242062728498
278 0.09484417083493651
279 0.0947348193697156
280 0.09462571976967371
281 0.09448064392487543
282 0.09439019720467165
283 0.09415584415584416
284 0.09401220442410374
285 0.09392265193370165
286 0.09390476190476191
287 0.09381541389153188
288 0.09377972227506182
289 0.09358390280941534
290 0.09337121212121212
291 0.09335353152811968
292 0.0932652289065456
293 0.0932652289065456
294 0.0932652289065456
295 0.09314188550916304
296 0.09293119698397738
297 0.09289617486338798
298 0.0926865952246663
299 0.09263434798947764
300 0.0924953095684803
301 0.09237399287989508
302 0.09232209737827715
303 0.09177215189873418
304 0.09165272355456404
305 0.09149962880475129
306 0.0914826498422713
307 0.09143175074183976
308 0.09133012226750649
309 0.09122871946706143
310 0.09114438898132741
311 0.0910770367633475
312 0.09085882786583119
313 0.09085882786583119
314 0.09074176329836187
315 0.09070837166513339
316 0.09042553191489362
317 0.09040894920227398
318 0.09032612678636863
319 0.09032612678636863
320 0.09001278071937192
321 0.08957122093023256
322 0.08950617283950617
323 0.08944121915820029
324 0.0893763596809282
325 0.08934396520478434
326 0.08934396520478434
327 0.08931159420289855
328 0.08931159420289855
329 0.0891017531176577
330 0.08903738486545061
331 0.08886085075702956
332 0.08881282651774455
333 0.08881282651774455
334 0.08876485415916456
335 0.08866906474820144
336 0.08857348185411426
337 0.08854166666666667
338 0.08854166666666667
339 0.08852576764230562
340 0.08844635809113742
341 0.08841463414634146
342 0.08841463414634146
343 0.08841463414634146
344 0.08835125448028674
345 0.08835125448028674
346 0.088272157564906
347 0.08825635517364841
348 0.08814589665653495
349 0.08814589665653495
350 0.08809864188706219
351 0.08805143775674228
352 0.08778490028490028
353 0.08736487683856105
354 0.0873029927395077
355 0.08719490626105413
356 0.08682634730538923
357 0.08676522351284759
358 0.08676522351284759
359 0.08676522351284759
360 0.0867499560091501
361 0.08670418571931059
362 0.08670418571931059
363 0.08667369901547117
364 0.08667369901547117
365 0.08637000700770849
366 0.08633975481611209
367 0.08615868577420482
368 0.08606843575418995
369 0.08605341246290801
370 0.08596338273757628
371 0.08596338273757628
372 0.0859483960948396
373 0.08581375108790253
374 0.08562000694685655
375 0.08547156726768378
376 0.08541233541233541
377 0.08541233541233541
378 0.08520566885585897
379 0.08467880453452421
380 0.08460614381328299
381 0.08453360768175583
382 0.08446119581977043
383 0.08418715846994536
384 0.08415841584158416
385 0.08388633656627531
386 0.08384353741496599
387 0.0836585779738673
388 0.08337561305597835
389 0.08334742180896026
390 0.08333333333333333
391 0.0831786738653619
392 0.08292682926829269
393 0.08292682926829269
394 0.08249665327978581
395 0.08222148098732489
396 0.08216666666666667
397 0.08211192538307795
398 0.08205725699067909
399 0.08190729357036053
400 0.08170367915147497
401 0.08169014084507042
402 0.08169014084507042
403 0.08166307768759318
404 0.0816225165562914
405 0.08156849768365321
406 0.08133971291866028
407 0.08133971291866028
408 0.08124588002636783
409 0.08124588002636783
410 0.08111220796314578
411 0.08084617907510659
412 0.08084617907510659
413 0.08079318256309406
414 0.08034550195567144
415 0.08018867924528301
416 0.07990275526742302
417 0.07990275526742302
418 0.07983805668016195
419 0.07977346278317152
420 0.07951612903225806
421 0.07938808373590982
422 0.07919678714859438
423 0.07917135057009796
424 0.0790444123777457
425 0.07888
426 0.07875399361022364
427 0.07875399361022364
428 0.07834101382488479
429 0.07789540211723811
430 0.07787079450323804
431 0.07773573005361085
432 0.07767449188593036
433 0.07766225582860743
434 0.07763779527559055
435 0.0775645059786029
436 0.07749135491983652
437 0.07740618621447637
438 0.07685113016367888
439 0.07623318385650224
440 0.07615075687364845
441 0.07596302003081665
442 0.07576456124173966
443 0.07568314399754375
444 0.0756019015488422
445 0.07553240386088556
446 0.07553240386088556
447 0.07542839657282742
448 0.07490124582193862
449 0.07485575463103553
450 0.07402402402402403
451 0.07389088729016786
452 0.07356013130408834
453 0.07356013130408834
454 0.07339586124758077
455 0.07292899408284023
456 0.07285355401211763
457 0.07279976373301832
458 0.0727031411296269
459 0.07266028002947679
460 0.07266028002947679
461 0.07266028002947679
462 0.07266028002947679
463 0.07266028002947679
464 0.07251066333284306
465 0.07218155197657394
466 0.07210764955389791
467 0.07209710441649606
468 0.07199182242990654
469 0.07199182242990654
470 0.07199182242990654
471 0.07087406555491661
472 0.0707723227103072
473 0.0706101403609281
474 0.07044869962846527
475 0.07044869962846527
476 0.07036825578075935
477 0.07033813668140962
478 0.06975099037917375
479 0.0689317673378076
480 0.06823529411764706
481 0.06791569086651054
482 0.06733133023763999
483 0.06733133023763999
484 0.06726702142174922
485 0.06624563289438323
486 0.0661922663802363
487 0.0657420989465262
488 0.06524616199047115
489 0.06215330307614725
490 0.06213763549281573
491 0.061694406206982855
492 0.061272682078051206
493 0.05852326685660019
494 0.057741859920356055
