1 0.11842105263157894
2 0.11505466778805719
3 0.11468812877263582
4 0.1140380126708903
5 0.11350813143046798
6 0.1121311475409836
7 0.1119109947643979
8 0.1116734693877551
9 0.11041162227602906
10 0.10980895809921336
11 0.10979133226324238
12 0.10973848868923472
13 0.1096329539990383
14 0.1089518955081236
15 0.10860590663702763
16 0.10836501901140684
17 0.10815939278937381
18 0.10809102402022756
19 0.10756408240289354
20 0.10744580584354382
21 0.10731095073737057
22 0.10724365004703669
23 0.1071932299012694
24 0.10699202252463633
25 0.1060136391816491
26 0.10513372271749155
27 0.10484365419987737
28 0.10482758620689656
29 0.10458715596330276
30 0.10445937690897984
31 0.10436374732987488
32 0.10420475319926874
33 0.10415714938328004
34 0.10407790626902008
35 0.10382513661202186
36 0.10382513661202186
37 0.10371493555724033
38 0.10360496819145713
39 0.10355791067373202
40 0.1033857315598549
41 0.10315186246418338
42 0.10310521555622551
43 0.10301204819277109
44 0.10247191011235955
45 0.10237988325101033
46 0.10230332037092432
47 0.10195260098375317
48 0.10193740685543964
49 0.10190703218116806
50 0.1016949152542373
51 0.10148367952522255
52 0.10121337673868008
53 0.10094451003541913
54 0.10088495575221239
55 0.10073637702503682
56 0.10069188870896512
57 0.1005586592178771
58 0.10052910052910052
59 0.10039630118890357
60 0.10029325513196481
61 0.09994155464640561
62 0.09991235758106924
63 0.09986859395532194
64 0.09985401459854015
65 0.09967939376275138
66 0.09959231217239371
67 0.09946197469826959
68 0.09927431059506531
69 0.09900130264871906
70 0.09871554336845144
71 0.09834651329978433
72 0.09830411037654499
73 0.09827586206896552
74 0.09826174400229852
75 0.09786807840892832
76 0.09732498577120091
77 0.09724196758601081
78 0.09707635537893841
79 0.09693877551020408
80 0.09681528662420383
81 0.096569250317662
82 0.09647390691114245
83 0.09637875158517684
84 0.09632446134347275
85 0.09632446134347275
86 0.09627023223082336
87 0.09622960045019696
88 0.09620253164556962
89 0.09595959595959595
90 0.095878889823381
91 0.09586545199719691
92 0.09586545199719691
93 0.09586545199719691
94 0.0958251611095545
95 0.0958251611095545
96 0.09575808483830324
97 0.09574468085106383
98 0.09555741827326068
99 0.09543742151527836
100 0.09538418630595454
101 0.09533101045296168
102 0.0951850821040913
103 0.09517183804090719
104 0.09514536096814578
105 0.0950792326939116
106 0.09506601806810284
107 0.0948945615982242
108 0.09478935698447893
109 0.0946843853820598
110 0.09451430150614895
111 0.09444904722452362
112 0.09443600717934557
113 0.09440993788819876
114 0.09439690863924924
115 0.09399477806788512
116 0.09399477806788512
117 0.0938529088913282
118 0.0937371522543511
119 0.09364731653888281
120 0.09351927809680066
121 0.09337883959044369
122 0.09336609336609336
123 0.09326424870466321
124 0.09318801089918256
125 0.09316262598746936
126 0.09312457454050374
127 0.09290953545232274
128 0.09288430200977729
129 0.09285908226988868
130 0.09284647753495318
131 0.09278350515463918
132 0.09272061813745425
133 0.0925575101488498
134 0.09249492900608519
135 0.09235754793410748
136 0.09235754793410748
137 0.09233261339092873
138 0.0921460326013741
139 0.09192312861174573
140 0.09188608275120903
141 0.09187374076561451
142 0.0917751241110962
143 0.09175050301810865
144 0.0917135961383749
145 0.09167671893848009
146 0.09163987138263666
147 0.09162759544541192
148 0.09162759544541192
149 0.09161532279667828
150 0.09154175588865096
151 0.09154175588865096
152 0.09150501672240803
153 0.09148054032365922
154 0.0914560770156438
155 0.0914071896298276
156 0.09135835448110058
157 0.09130957148578293
158 0.09118784162111719
159 0.09090909090909091
160 0.09084871828928144
161 0.09077637690776377
162 0.09070415064315078
163 0.0903924937227435
164 0.09026128266033254
165 0.09018987341772151
166 0.09014232999472852
167 0.0900829711576452
168 0.09002369044485391
169 0.09001184366363996
170 0.08995265649658074
171 0.08982271831910703
172 0.089728453364817
173 0.08971668415529906
174 0.0896696381751442
175 0.08955223880597014
176 0.08955223880597014
177 0.0895170789163722
178 0.08938839519079979
179 0.08933002481389578
180 0.08929503916449086
181 0.08926008090826047
182 0.0892018779342723
183 0.0891089108910891
184 0.08903931267898985
185 0.08898139716404319
186 0.08890044190278139
187 0.0888427068450448
188 0.08876200363353232
189 0.08875048657065006
190 0.08870444819089612
191 0.08869294605809129
192 0.08860103626943006
193 0.08854368932038835
194 0.08850931677018634
195 0.08850931677018634
196 0.08848641655886158
197 0.08848641655886158
198 0.08847497089639116
199 0.08846352819451629
200 0.08842921784098255
201 0.08841778697001035
202 0.08825806451612903
203 0.08816705336426914
204 0.0880762297192892
205 0.08800823468862584
206 0.08798559300231541
207 0.08794034456158395
208 0.08788384941539253
209 0.0877710766072116
210 0.08772604848018468
211 0.08762490392006149
212 0.08761368003074164
213 0.08758002560819463
214 0.08756881321213673
215 0.08756881321213673
216 0.08749040675364543
217 0.0874792172912137
218 0.08738980452280568
219 0.08713375796178344
220 0.08707829408020369
221 0.08684611477907567
222 0.08679101636848116
223 0.08676899657490802
224 0.08672499049068087
225 0.08672499049068087
226 0.08672499049068087
227 0.08670300418303968
228 0.08665906499429875
229 0.08663711209626346
230 0.08646188850967008
231 0.08642911296436695
232 0.08638545087143218
233 0.08636363636363636
234 0.08614609571788413
235 0.08598365807668133
236 0.08596204599723514
237 0.08595124403116361
238 0.0857465212485897
239 0.08572502819902243
240 0.08570354592156372
241 0.08569280881984465
242 0.08568207440811725
243 0.08544659587757651
244 0.08542525290370925
245 0.08542525290370925
246 0.0853719420868697
247 0.08533998752339364
248 0.08529741863075196
249 0.08527615010597182
250 0.08525489218496822
251 0.08491620111731843
252 0.08489512225394068
253 0.08475836431226766
254 0.08472686733556299
255 0.08469539375928678
256 0.08462204626994928
257 0.08460111317254175
258 0.08455927803189517
259 0.08455927803189517
260 0.08452792881858626
261 0.08451748424564438
262 0.08440276406712735
263 0.0843715307758727
264 0.0843403205918619
265 0.08430913348946135
266 0.08426758654675373
267 0.0842468284271462
268 0.0842260805319542
269 0.08419497784342689
270 0.08417425547624907
271 0.08416389811738649
272 0.08415354330708662
273 0.08406046454467249
274 0.08402948402948403
275 0.08402948402948403
276 0.08398821218074656
277 0.08394698085419734
278 0.08390578999018646
279 0.08390578999018646
280 0.08373117884686009
281 0.08362880547744223
282 0.08360836083608361
283 0.08354708684499816
284 0.0834859025997803
285 0.08345534407027819
286 0.08336380255941499
287 0.08326232501521606
288 0.0831914376064218
289 0.08309037900874636
290 0.08308028665128143
291 0.08300970873786408
292 0.08296943231441048
293 0.0829593693147362
294 0.08286891204264599
295 0.08285887341005452
296 0.08285887341005452
297 0.08282877209978202
298 0.08279869265222128
299 0.08275862068965517
300 0.08271858749546498
301 0.08269858541893363
302 0.08265861027190333
303 0.08264862252295795
304 0.08259871996135733
305 0.0824891461649783
306 0.08246925488304799
307 0.08237986270022883
308 0.0822807650667629
309 0.08226097414311485
310 0.08212270380597911
311 0.08209313490158425
312 0.08199472548549508
313 0.08197507190795782
314 0.08191616766467066
315 0.08191616766467066
316 0.08190635851993773
317 0.08190635851993773
318 0.08184755294962306
319 0.08182796985285322
320 0.08182796985285322
321 0.08181818181818182
322 0.08177905308464849
323 0.08173019476639981
324 0.08173019476639981
325 0.08166189111747851
326 0.08163265306122448
327 0.08162291169451073
328 0.08161317265242811
329 0.08161317265242811
330 0.08159370153882858
331 0.08159370153882858
332 0.0815742397137746
333 0.08156451228237539
334 0.081467365412101
335 0.0814382664602929
336 0.08142857142857143
337 0.08142857142857143
338 0.08121586321538826
339 0.08115804461319412
340 0.08113879003558719
341 0.08100426338228328
342 0.08076514346439957
343 0.08068892296803114
344 0.0806698903172544
345 0.08065086664308455
346 0.08064135817024287
347 0.08062234794908062
348 0.08056537102473499
349 0.08050847457627118
350 0.08044219687169235
351 0.080338266384778
352 0.08014998828216545
353 0.08003744441844138
354 0.07991587802313355
355 0.07990654205607477
356 0.07988787666433077
357 0.07987854723811748
358 0.07986921999065857
359 0.07986921999065857
360 0.07981330221703617
361 0.07973886686873397
362 0.07972027972027972
363 0.07972027972027972
364 0.07955338450802513
365 0.0794979079497908
366 0.0794979079497908
367 0.07947019867549669
368 0.07930434782608696
369 0.07929515418502203
370 0.07923085833429862
371 0.07921250723798494
372 0.07918499652697383
373 0.07903859486942455
374 0.07901120480535982
375 0.07890183412158265
376 0.07884726224783861
377 0.07882908839460644
378 0.078820004609357
379 0.0787927658103905
380 0.07875647668393783
381 0.07874740962468339
382 0.0787292817679558
383 0.0787292817679558
384 0.07871116225546605
385 0.07865685372585096
386 0.07842238018803027
387 0.07840440165061899
388 0.07835949135067018
389 0.07835051546391752
390 0.07834154163326079
391 0.07831463247080375
392 0.07824296499656828
393 0.07824296499656828
394 0.07824296499656828
395 0.07811786203746003
396 0.07811786203746003
397 0.07809110629067245
398 0.07804655408489275
399 0.07804655408489275
400 0.07801094890510948
401 0.07799315849486887
402 0.07794871794871795
403 0.07785998861696072
404 0.07784226698531922
405 0.07774494203228006
406 0.07772727272727273
407 0.07772727272727273
408 0.07770078382369647
409 0.0776566757493188
410 0.0776566757493188
411 0.07763904653802498
412 0.07761261772381708
413 0.07757740728138823
414 0.0775686096620549
415 0.07755102040816327
416 0.07748074309016764
417 0.07748074309016764
418 0.07746319365798414
419 0.07745442192277205
420 0.07745442192277205
421 0.07743688441073249
422 0.07743688441073249
423 0.07737556561085973
424 0.07733182589033352
425 0.07733182589033352
426 0.07733182589033352
427 0.07732308387971965
428 0.07730560578661845
429 0.07723577235772358
430 0.077174771522058
431 0.07714865779381909
432 0.07709648331830478
433 0.07708779443254818
434 0.07707042253521126
435 0.07705305846569788
436 0.07705305846569788
437 0.07705305846569788
438 0.07704437936472179
439 0.07702702702702703
440 0.07694038245219348
441 0.07689713322091063
442 0.07687984713948522
443 0.07682803549365383
444 0.07681078046041549
445 0.07674183776506227
446 0.07672462142456533
447 0.07671601615074024
448 0.07667301871987445
449 0.07664724338861498
450 0.07663865546218487
451 0.07651006711409396
452 0.07645875251509054
453 0.07617774807885065
454 0.07609300255868283
455 0.07607607607607608
456 0.076067615658363
457 0.07605915712220616
458 0.07594093482846674
459 0.07591564927857936
460 0.07591564927857936
461 0.07585671509371188
462 0.07585671509371188
463 0.07581467523830636
464 0.07576428887904298
465 0.07572235137827964
466 0.07561353084236126
467 0.07540513725057876
468 0.07539682539682539
469 0.07507408626934475
470 0.07498355623766718
471 0.07498355623766718
472 0.07492605980939862
473 0.07482769937643584
474 0.07465618860510806
475 0.07465618860510806
476 0.0745829244357213
477 0.07450980392156863
478 0.07431551499348109
479 0.07429130009775171
480 0.07422680412371134
481 0.07418655097613883
482 0.07411420522266768
483 0.07402597402597402
484 0.07397793640493186
485 0.07396993619552288
486 0.07393795265376717
487 0.0737943683245226
488 0.07377844892676087
489 0.07377049180327869
490 0.07373073191764579
491 0.07371483996120272
492 0.07365927202239932
493 0.07358795051102743
494 0.07354047951833136
495 0.07352466946146405
496 0.07341418911666846
497 0.07341418911666846
498 0.07338268426134535
499 0.07335907335907337
500 0.07328833172613308
501 0.07327262988752009
502 0.07320988975703735
503 0.07320988975703735
504 0.07318638989942221
505 0.07317073170731707
506 0.07313161552443066
507 0.07311598075895243
508 0.07296778323021122
509 0.0728667305848514
510 0.0728667305848514
511 0.07266546265802613
512 0.07261146496815286
513 0.07257294429708223
514 0.07251908396946564
515 0.07251908396946564
516 0.07251139616240856
517 0.0724960254372019
518 0.0724960254372019
519 0.0724960254372019
520 0.07247298156389065
521 0.07241926945473795
522 0.07240393775801841
523 0.07238095238095238
524 0.07236563690224292
525 0.07234267583289265
526 0.07229679737871261
527 0.07228151748916833
528 0.0722204624643649
529 0.07221283783783784
530 0.07218235542422963
531 0.07216712386579448
532 0.07214428857715431
533 0.07209866132602509
534 0.07209106239460371
535 0.07206827520809188
536 0.07205309175181712
537 0.07204550242258269
538 0.07202274402442876
539 0.07201516108654453
540 0.07200757974523635
541 0.07199242185033154
542 0.0719621251972646
543 0.07192429022082018
544 0.07187894073139975
545 0.07184119315197983
546 0.07184119315197983
547 0.07181102362204725
548 0.07175076051610196
549 0.07172818791946309
550 0.07166055526453641
551 0.07163803937997486
552 0.07153315206023844
553 0.07151819322459223
554 0.07142111308342905
555 0.07130199103512978
556 0.07125
557 0.07109448082319925
558 0.07107970487374
559 0.07107231920199501
560 0.07105755246208185
561 0.07102803738317758
562 0.07102066244419064
563 0.07099117799688635
564 0.07099117799688635
565 0.07098381070983811
566 0.07096908072214152
567 0.07093963907902924
568 0.07093228248470393
569 0.07091757387247279
570 0.07091022185361807
571 0.0708955223880597
572 0.07088817494040833
573 0.07088082901554404
574 0.07085146053449347
575 0.07083678541839271
576 0.07080745341614907
577 0.07079279652245912
578 0.07079279652245912
579 0.07052273430250541
580 0.07044284243048404
581 0.07034142328259975
582 0.07010351542482321
583 0.06993865030674846
584 0.06986007557961393
585 0.06971055849979617
586 0.06948394961397805
587 0.06948394961397805
588 0.06944867499238501
589 0.06941343616805358
590 0.06936416184971098
591 0.06936416184971098
592 0.06935009631957822
593 0.06933603649265078
594 0.06926582278481012
595 0.0692588092345079
596 0.06925179710438392
597 0.06924478639400689
598 0.06923076923076923
599 0.06923076923076923
600 0.06909090909090909
601 0.0689307669051698
602 0.06885443929937587
603 0.06882672569933589
604 0.0687990343995172
605 0.06859205776173286
606 0.0685851799859621
607 0.06850961538461539
608 0.06842737094837935
609 0.06829755366949576
610 0.06818861529259296
611 0.06793802145411204
612 0.06793127420796505
613 0.06778317312456644
614 0.06774960380348653
615 0.06770266257547264
616 0.06768256481298239
617 0.06766247897912751
618 0.0676357164046277
619 0.06752221125370188
620 0.06752221125370188
621 0.0673228346456693
622 0.06731620903454384
623 0.06724341329138812
624 0.06724341329138812
625 0.06721698113207547
626 0.06721037633880318
627 0.0671971706454465
628 0.06687524442706297
629 0.06666016957411558
630 0.06654991243432574
631 0.06652402256370356
632 0.06652402256370356
633 0.06649815282908808
634 0.06647876372825347
635 0.06644647367398485
636 0.06637554585152838
637 0.06635622817229336
638 0.06634335596508245
639 0.06632405701541744
640 0.06631762652705062
641 0.06629834254143646
642 0.06628549278030817
643 0.06626622747529548
644 0.06624697336561744
645 0.06624697336561744
646 0.06623414350731094
647 0.06620209059233449
648 0.06599768429177924
649 0.06599768429177924
650 0.06591500433651344
651 0.0658008658008658
652 0.06575026434682303
653 0.06514285714285714
654 0.06513665365203314
655 0.06511185149928606
656 0.0650994575045208
657 0.06506849315068493
658 0.06502519250879361
659 0.06500665272761832
660 0.06496960486322188
661 0.06496343432424731
662 0.06496343432424731
663 0.06496343432424731
664 0.06495726495726496
665 0.06490179333902647
666 0.0636219886522184
667 0.0636219886522184
668 0.06353924756154203
669 0.06250571141368912
670 0.0624714585806923
671 0.062454346238130024
672 0.06238030095759234
673 0.06227806610215788
674 0.062136627906976744
675 0.06186685962373372
676 0.06184448462929475
677 0.06118067978533095
678 0.06117520794204454
679 0.061164267191272464
680 0.061164267191272464
681 0.061109622085231845
682 0.0588134135855546
683 0.05878813923506661
684 0.05863192182410423
685 0.057697174188106284