1 0.5017058066607126
2 0.3950957817668335
3 0.2827313412032458
4 0.22719265315312803
5 0.22719265315312798
6 0.1902837323212669
7 0.17273509463662795
8 0.17213635824622683
9 0.13646151711999505
10 0.12765717756015255
11 0.12752269155780843
12 0.1229189315560295
13 0.11499098904672683
14 0.1111405242820377
15 0.11114052428203768
16 0.10936429227450574
17 0.10925593648634457
18 0.10810641087413676
19 0.10576292585925698
20 0.10543472995447903
21 0.10125806182392429
22 0.1010499086382239
23 0.10068869532139496
24 0.10068869532139496
25 0.10058452871995675
26 0.09110856241130451
27 0.08907399624715068
28 0.08395090228303072
29 0.0838526303798666
30 0.0823740036113079
31 0.08206456548082637
32 0.08047916074478693
33 0.07531068743664096
34 0.07161431355569717
35 0.06393230801375473
36 0.05965652689339867
37 0.05700955346257044
38 0.054457558516500144
39 0.04739141128942675
40 0.044212365856695884
41 0.040758337372793836
42 0.040420794893737025
43 0.036876604475730566
44 0.03271395345200581
45 0.0308635626845371
46 0.028842644417165733
47 0.0288426444171657
48 0.02699186930365984
49 0.026913501934378248
50 0.02676924897117996
51 0.02553571682520002
52 0.024768773770364412
53 0.024003174920696528
54 0.023141245569029117
55 0.022922490604836643
56 0.022893554812560387
57 0.022793937482643547
58 0.021876526268914724
59 0.020822633851388248
60 0.020822633851388245
61 0.020506343204088725
62 0.018686265935383202
63 0.018279080221373013
64 0.018104977562250435
65 0.016705182244953695
66 0.01615105529595818
67 0.015866253464544046
68 0.015806651847594822
69 0.01450577127581513
70 0.014505771275815125
71 0.013602888806484041
72 0.013543328485035793
73 0.013469117595181955
74 0.013423434704225792
75 0.013249381233786864
76 0.012969419640847314
77 0.012906244032044866
78 0.012314154454674162
79 0.011748257736514084
80 0.01145720160673958
81 0.011110901178722083
82 0.011110901178722073
83 0.010020107654030866
84 0.008515849323768854
85 0.005880758511487944
86 0.0058797725672445665
87 0.005199177043625073
88 0.00518387385083618
89 0.005153130063256268
90 0.004918495372147117
91 0.00488340193734937
92 0.004874709015923228
93 0.0046534842085235294
94 0.004415155632001375
95 0.004355528703831533
96 0.004213689944514368
97 0.0038567478460358696
98 0.0036126415656239893
99 0.0035992062864353505
100 0.0035215724136494087
101 0.0032451388173170216
102 0.003245138817317013
103 0.0027839100501439967
104 0.0027785390314493453
105 0.002694219214168668
106 0.002594318891155264
107 0.0025855198004818662
108 0.0019299968535103134
109 0.0017442833097347423
110 0.0013503447190606832
111 0.0013052130348511501
112 0.0012671212499460029
113 0.0012623935444279085
114 0.0011327069344269983
115 0.001123772861184762
116 0.0010888306115682611
117 0.0007383962698016808
118 0.0006782984686814201
119 0.0006678352679252433
120 0.0006185999936816693
121 0.0005575657185849927
122 0.0005362155600266678
123 0.000453785511766938
124 0.0002999172804915961
125 0.00029164893349690855
126 0.0002914447071717394
127 0.0002868105293324145
128 0.0002791688855802828
129 0.0002767093408585731
130 0.000270531923304955
131 0.00026009311964756885
132 0.0002554333103717256
133 0.00025334780255410034
134 0.0002514001982214309
135 0.00024406324860472961
136 0.00021645257326895513
137 0.00021511837122486574
138 0.0002136664924057035
139 0.00019706904444136153
140 0.00018784000588549125
141 0.00016979739351880257
142 0.00016446305848108502
143 0.00016277035972655276
144 0.00014338576174224884
145 0.00014222426809835812
146 0.00013786562184716475
147 0.0001286333450959099
148 0.0001252435663781808
149 0.00011621621867302859
150 0.00011393905680144431
151 0.00011272287313256038
152 8.991057474339381e-05
153 8.911937083031264e-05
154 8.601580291131208e-05
155 7.875643936508997e-05
156 7.413825097175544e-05
157 7.30491851100585e-05
158 7.110122668556684e-05
159 6.874203333324877e-05
160 6.54576582594277e-05
161 6.500831118277163e-05
162 6.406375589450722e-05
163 6.3758497579551e-05
164 6.298059151762286e-05
165 5.617519725471739e-05
166 5.419591033849719e-05
167 5.384540981089391e-05
168 5.293101213113502e-05
169 5.038988707535688e-05
170 4.925138147915814e-05
171 4.5366319310482764e-05
172 4.281312000887175e-05
173 4.143446297499876e-05
174 3.947902388953829e-05
175 3.625482859594569e-05
176 3.618031191279197e-05
177 3.614732765659922e-05
178 3.416393604575278e-05
179 3.163630893265901e-05
180 3.117708086805251e-05
181 2.9527119237746694e-05
182 2.875777163178444e-05
183 2.8681961160315663e-05
184 2.65546265129443e-05
185 2.6554626512925767e-05
186 2.561664599056146e-05
187 2.5566427803305122e-05
188 2.4945418578653996e-05
189 2.4690431969595912e-05
190 2.341795084032975e-05
191 2.29255424711371e-05
192 2.238468328987721e-05
193 2.1711821666612275e-05
194 2.082488162110103e-05
195 2.0413309840527807e-05
196 1.996294642806229e-05
197 1.9857719065216035e-05
198 1.9857719065212155e-05
199 1.9857719065195865e-05
200 1.957590955791285e-05
201 1.8059651382226418e-05
202 1.7939088040924952e-05
203 1.7402725759146733e-05
204 1.7357294979916558e-05
205 1.7317890420259217e-05
206 1.6647823700757672e-05
207 1.6117134830266813e-05
208 1.53935293142637e-05
209 1.490314779772732e-05
210 1.41294931769242e-05
211 1.4124513111413603e-05
212 1.407017791441926e-05
213 1.3840937635831375e-05
214 1.324056712945707e-05
215 1.3240567129418101e-05
216 1.2694776064791332e-05
217 1.2607955806561073e-05
218 1.2339472944741562e-05
219 1.2206982337062475e-05
220 1.1689721428660783e-05
221 1.16746815333512e-05
222 1.1262886087135321e-05
223 1.1221280349390016e-05
224 1.1214380296691307e-05
225 1.0973553223171434e-05
226 1.0840999667524139e-05
227 1.0692052978274815e-05
228 1.0306222967226253e-05
229 1.0252324471048592e-05
230 1.0213344080879884e-05
231 1.0195168594313857e-05
232 1.0002023347884488e-05
233 9.25488675888322e-06
234 9.07348310506031e-06
235 9.042550923497004e-06
236 8.609554684000603e-06
237 8.486997727663959e-06
238 8.184798275825266e-06
239 8.117384804755707e-06
240 8.085642929712664e-06
241 8.019864030902e-06
242 7.962260100192346e-06
243 7.897128808924556e-06
244 7.752595121842919e-06
245 7.745827173739038e-06
246 7.559002350392562e-06
247 7.5301633141394555e-06
248 7.42502681963345e-06
249 7.394356211787148e-06
250 7.0712252888991725e-06
251 7.071225288894255e-06
252 6.9624230645925074e-06
253 6.962423064564507e-06
254 6.858155728538051e-06
255 6.833854165596349e-06
256 6.772266468972537e-06
257 6.767865097521022e-06
258 6.581917060692411e-06
259 6.580397272016453e-06
260 6.580397272008657e-06
261 6.1962969375595395e-06
262 6.119054782475688e-06
263 6.09354498025758e-06
264 6.0935449802411455e-06
265 6.093544980230039e-06
266 6.072293515375328e-06
267 5.92470921946398e-06
268 5.871700945498879e-06
269 5.697076260358095e-06
270 5.539103039590951e-06
271 5.534562951717783e-06
272 5.533238199165177e-06
273 5.524501003696692e-06
274 5.3644916944423034e-06
275 5.248141298930756e-06
276 5.204638472687291e-06
277 5.200714807642447e-06
278 5.200714807615308e-06
279 5.149112784707122e-06
280 5.121490278521407e-06
281 5.023716511607552e-06
282 4.934083331857658e-06
283 4.924410686943159e-06
284 4.8879551730313855e-06
285 4.755683038360442e-06
286 4.643148975006142e-06
287 4.533972890332067e-06
288 4.415743459192831e-06
289 4.414437038780706e-06
290 4.4129427416788466e-06
291 4.404326661556554e-06
292 4.3601183136713005e-06
293 4.326213073459551e-06
294 4.269406836161601e-06
295 4.24468569789096e-06
296 4.209926478389319e-06
297 4.174843840646459e-06
298 4.11316401736464e-06
299 4.097369163390584e-06
300 4.0567262475653425e-06
301 4.056726247554252e-06
302 4.046395475245008e-06
303 3.989896275232343e-06
304 3.951937330453117e-06
305 3.931856335514025e-06
306 3.9318563354997334e-06
307 3.923427548645926e-06
308 3.921938856129221e-06
309 3.869742129117898e-06
310 3.7573305192767403e-06
311 3.713889710743774e-06
312 3.6790536793234407e-06
313 3.6790536793137294e-06
314 3.614884193382206e-06
315 3.614884193363234e-06
316 3.5972939440430165e-06
317 3.595568830197159e-06
318 3.498198006846952e-06
319 3.4811287972075787e-06
320 3.4552905686511298e-06
321 3.447286845803848e-06
322 3.4184558535802517e-06
323 3.4020190092190063e-06
324 3.282950193132193e-06
325 3.2546339123907006e-06
326 3.2305119494144556e-06
327 3.200871866070265e-06
328 3.184019592573722e-06
329 3.1176942713519353e-06
330 2.870530871549441e-06
331 2.8263725043979127e-06
332 2.7686517187472023e-06
333 2.755120438886315e-06
334 2.6992088390062036e-06
335 2.6705368848173314e-06
336 2.6659360367229994e-06
337 2.6659360367141903e-06
338 2.631206731091805e-06
339 2.5200262148329396e-06
340 2.4320402569744725e-06
341 2.366743033211686e-06
342 2.314602075409252e-06
343 2.2903035027659436e-06
344 2.2868185050145744e-06
345 2.286818504998403e-06
346 2.2603978193127345e-06
347 2.251462281930676e-06
348 2.1622934135209576e-06
349 2.138419829086604e-06
350 2.0881108237223852e-06
351 2.0855741630845643e-06
352 2.051529149320156e-06
353 2.0401458192000133e-06
354 2.035917850482511e-06
355 2.0226125857183336e-06
356 2.0101699483055016e-06
357 2.00916833687948e-06
358 2.008094356780184e-06
359 2.005535216641622e-06
360 1.9755119330158276e-06
361 1.974724688932758e-06
362 1.9485103496838286e-06
363 1.8857429089411205e-06
364 1.8706217104325962e-06
365 1.8706217104074833e-06
366 1.8650004221025708e-06
367 1.8355036028025832e-06
368 1.8346826720844702e-06
369 1.7958059876059507e-06
370 1.7877337201600483e-06
371 1.7836928698146723e-06
372 1.778708807324164e-06
373 1.7505531319087378e-06
374 1.7435205807159798e-06
375 1.7400409280910472e-06
376 1.7226731632847305e-06
377 1.7087449562257979e-06
378 1.6627968346326404e-06
379 1.6486501893881635e-06
380 1.6347008910256005e-06
381 1.622962604592315e-06
382 1.6067035590019519e-06
383 1.576493533244322e-06
384 1.5729942204976467e-06
385 1.5633028899704574e-06
386 1.547257481191562e-06
387 1.5447251546395787e-06
388 1.521084830539289e-06
389 1.499528900359173e-06
390 1.4865945630532722e-06
391 1.4581060407129613e-06
392 1.450402730656581e-06
393 1.4392833879975775e-06
394 1.430324692310479e-06
395 1.4242446004817691e-06
396 1.4090340311880812e-06
397 1.4046611693224398e-06
398 1.38785640097144e-06
399 1.3676482435841775e-06
400 1.3620055821121444e-06
401 1.3620055821068875e-06
402 1.3562072810829898e-06
403 1.316284963418874e-06
404 1.3040188333745778e-06
405 1.3031097853920218e-06
406 1.268706118994864e-06
407 1.2677587562837019e-06
408 1.2677587562592173e-06
409 1.232632567039526e-06
410 1.2233241112453896e-06
411 1.2163304785365265e-06
412 1.1934835438978513e-06
413 1.1922958221447275e-06
414 1.1807964874522746e-06
415 1.1786057480044193e-06
416 1.1695989487459046e-06
417 1.1390283390552045e-06
418 1.1175935896585324e-06
419 1.1075468683301018e-06
420 1.100169310093395e-06
421 1.0950273176645234e-06
422 1.0928119509161433e-06
423 1.0909724017757049e-06
424 1.087101385283812e-06
425 1.0862324179590444e-06
426 1.0671709744431082e-06
427 1.0660253812992202e-06
428 1.0657702175175533e-06
429 1.0588169899874734e-06
430 1.057618581012344e-06
431 1.0479668002613974e-06
432 1.0459128109381969e-06
433 1.033267550462133e-06
434 1.033267550459397e-06
435 1.0287228142280246e-06
436 1.0145947517059682e-06
437 9.864624676620597e-07
438 9.55118229213925e-07
439 9.515435995185798e-07
440 9.287855149781151e-07
441 9.287855149672884e-07
442 9.077730078122117e-07
443 8.946206747305854e-07
444 8.943280073881302e-07
445 8.912762004207959e-07
446 8.773173942378252e-07
447 8.603601683659426e-07
448 8.56726765221376e-07
449 8.567267651909322e-07
450 8.408111141270604e-07
451 8.398127960874608e-07
452 8.363453254329062e-07
453 8.332822268489286e-07
454 8.234164125317259e-07
455 8.226713377031173e-07
456 8.197851407479685e-07
457 8.17579044453157e-07
458 8.108839882246588e-07
459 8.041266375873943e-07
460 8.024204903621437e-07
461 7.907397917922947e-07
462 7.778159425672603e-07
463 7.453602686464515e-07
464 7.302729251118864e-07
465 7.258110215206884e-07
466 7.218464640284391e-07
467 7.213913880247572e-07
468 7.153411623598294e-07
469 7.120014313805122e-07
470 6.968161170939935e-07
471 6.73796268372117e-07
472 6.705085271967643e-07
473 6.615007008037627e-07
474 6.364120838382818e-07
475 6.323368732148193e-07
476 6.288721577690047e-07
477 6.268828067914966e-07
478 6.222366179148241e-07
479 6.117222833486384e-07
480 6.007535795565113e-07
481 6.005065355593488e-07
482 5.975988352864024e-07
483 5.960749177442904e-07
484 5.909578100371679e-07
485 5.887556035236432e-07
486 5.824125145029701e-07
487 5.674353768131234e-07
488 5.636441748630231e-07
489 5.586381478722853e-07
490 5.518447245651044e-07
491 5.443943546970494e-07
492 5.41260151591764e-07
493 5.40850041060118e-07
494 5.381085390774591e-07
495 5.332766163987753e-07
496 5.165188306070239e-07
497 5.159057666606858e-07
498 5.048391816984906e-07
499 5.037632077111614e-07
500 4.93724433700371e-07
501 4.928305912691016e-07
502 4.923996153163013e-07
503 4.846282338247339e-07
504 4.815322066197282e-07
505 4.725887398287554e-07
506 4.717658398499855e-07
507 4.712405089296824e-07
508 4.705807158056723e-07
509 4.700512363408528e-07
510 4.6844107925034294e-07
511 4.684410792424221e-07
512 4.5813751178324043e-07
513 4.558640251197359e-07
514 4.5586402511356144e-07
515 4.52179919614417e-07
516 4.4476237631181385e-07
517 4.4370046752868126e-07
518 4.420345288770699e-07
519 4.3497312893644294e-07
520 4.3432490239942075e-07
521 4.336595244129558e-07
522 4.2636565611320827e-07
523 4.235488999692986e-07
524 4.224058271692251e-07
525 4.208034607959322e-07
526 4.1026242252558894e-07
527 4.08760739538038e-07
528 4.086235913783866e-07
529 4.086235913620661e-07
530 3.951499265087536e-07
531 3.951499265055645e-07
532 3.9214299700182523e-07
533 3.8050806901722097e-07
534 3.8034803978908813e-07
535 3.7050627757502266e-07
536 3.7048826216457075e-07
537 3.694264652068105e-07
538 3.638641157842823e-07
539 3.6018846944594204e-07
540 3.597554739960409e-07
541 3.574940660746395e-07
542 3.533826089077386e-07
543 3.44339659196827e-07
544 3.3717821737447183e-07
545 3.370546616354535e-07
546 3.3515343668697115e-07
547 3.3160443781829273e-07
548 3.291254448096906e-07
549 3.282542435298385e-07
550 3.256830969479078e-07
551 3.207991891797736e-07
552 3.194720016801071e-07
553 3.1869964844871974e-07
554 3.169563250836575e-07
555 3.146704906738829e-07
556 3.1260270132866656e-07
557 3.099635218517369e-07
558 3.0947100774148674e-07
559 3.077300071119822e-07
560 3.046635136599728e-07
561 3.0006157559353494e-07
562 2.9835057562563494e-07
563 2.9802095678313664e-07
564 2.978108633794446e-07
565 2.942258334975262e-07
566 2.922390009146526e-07
567 2.915982668158413e-07
568 2.9015515394521094e-07
569 2.863365273462753e-07
570 2.780305560683161e-07
571 2.772238089639737e-07
572 2.767942722198757e-07
573 2.732603151004367e-07
574 2.72771105595494e-07
575 2.720201050340008e-07
576 2.6731833424010285e-07
577 2.6180801170686877e-07
578 2.5511659416115025e-07
579 2.5117018020949005e-07
580 2.5117018020758423e-07
581 2.509950863187033e-07
582 2.4570736765687863e-07
583 2.447468257497115e-07
584 2.4317972782053495e-07
585 2.3742030106704427e-07
586 2.374203010383923e-07
587 2.35877734127514e-07
588 2.3562737717747316e-07
589 2.3428031688261356e-07
590 2.3300523597234935e-07
591 2.328827267979659e-07
592 2.3116051667798434e-07
593 2.2965094435517495e-07
594 2.225838936710087e-07
595 2.194061721610715e-07
596 2.1939096729211379e-07
597 2.193909672580797e-07
598 2.181303075405316e-07
599 2.1755512477197584e-07
600 2.1346998521637792e-07
601 2.1341067557083365e-07
602 2.1332724607956809e-07
603 2.1332724607730423e-07
604 2.1048911841883133e-07
605 2.10134798509042e-07
606 2.093891927751607e-07
607 2.0922181889160021e-07
608 2.0555034875916077e-07
609 2.0314402791873664e-07
610 2.0220128958464248e-07
611 2.0185138690111295e-07
612 1.9178787459205095e-07
613 1.9087584707157788e-07
614 1.8756872458844153e-07
615 1.8422053850570462e-07
616 1.835439631880707e-07
617 1.825018776523237e-07
618 1.796253653573513e-07
619 1.78895595083952e-07
620 1.7889559506940196e-07
621 1.751767163107014e-07
622 1.7267802423522736e-07
623 1.7167083645107955e-07
624 1.6998900699131352e-07
625 1.666835016315428e-07
626 1.645618579600689e-07
627 1.619506357364022e-07
628 1.611123867498302e-07
629 1.5845669012992478e-07
630 1.5513529846812008e-07
631 1.5455612605028809e-07
632 1.5393946886661697e-07
633 1.528703783862728e-07
634 1.4800717151255324e-07
635 1.4575076007736886e-07
636 1.4542415382401103e-07
637 1.43168149157425e-07
638 1.4065961128043488e-07
639 1.3743434385113186e-07
640 1.373237400802506e-07
641 1.3550982202490514e-07
642 1.3007978282031733e-07
643 1.2823889007447335e-07
644 1.274132290015948e-07
645 1.2698964671647736e-07
646 1.2445459792182496e-07
647 1.2258085058963376e-07
648 1.1873814472219865e-07
649 1.1702679510827904e-07
650 1.1510493815168351e-07
651 1.1403859172970225e-07
652 1.1340162217806285e-07
653 1.1232962440514016e-07
654 1.107293773073494e-07
655 1.1038446499093715e-07
656 1.0882538229297735e-07
657 1.0763975466648876e-07
658 1.076006271574343e-07
659 1.0746146494210352e-07
660 1.0289221483733674e-07
661 1.0269169201595453e-07
662 1.015276380170867e-07
663 1.0104680988315668e-07
664 1.0098476742847243e-07
665 1.0073064723788813e-07
666 9.920575575666086e-08
667 9.858264662814394e-08
668 9.84963744609759e-08
669 9.805427267936473e-08
670 9.657042199655667e-08
671 9.615370793765639e-08
672 9.484226528379822e-08
673 9.484226528244716e-08
674 9.467977985201581e-08
675 9.086794455307393e-08
676 9.086794452043078e-08
677 9.076675929338594e-08
678 9.063967496626626e-08
679 9.053769065451655e-08
680 8.902989247716502e-08
681 8.896739150258746e-08
682 8.895467245559088e-08
683 8.824295972563304e-08
684 8.684857020523365e-08
685 8.658924231780618e-08
686 8.639008697214398e-08
687 8.556352291891855e-08
688 8.556352291185063e-08
689 8.546220616332696e-08
690 8.514132574734638e-08
691 8.445158847506402e-08
692 8.217559275237718e-08
693 8.212330683568927e-08
694 8.204759661674224e-08
695 8.145703824957511e-08
696 8.093623525255797e-08
697 7.842568726259744e-08
698 7.765122716870472e-08
699 7.549032250080407e-08
700 7.196316013733093e-08
701 7.125734975073996e-08
702 7.008473589256058e-08
703 6.98904864418559e-08
704 6.885778542286715e-08
705 6.664862376258879e-08
706 6.492090295133071e-08
707 6.487952669722057e-08
708 6.200309980430295e-08
709 6.178989758727441e-08
710 6.17898975632372e-08
711 6.15342648530924e-08
712 5.966700243954585e-08
713 5.957216054560465e-08
714 5.927261124271755e-08
715 5.704446768777359e-08
716 5.684087299850476e-08
717 5.667154011252627e-08
718 5.628885157034895e-08
719 5.628885153778813e-08
720 5.6165438203645846e-08
721 5.561543568510276e-08
722 5.506623940174261e-08
723 5.506290857131554e-08
724 5.462469395933886e-08
725 5.3314005492327175e-08
726 5.2494188324340576e-08
727 5.23944417503027e-08
728 5.238160727685733e-08
729 5.222230946515769e-08
730 5.1714926049505304e-08
731 5.0427466105499e-08
732 4.9958462758753484e-08
733 4.9558509028570864e-08
734 4.913861616356537e-08
735 4.732628260520362e-08
736 4.702840981769721e-08
737 4.683942785795161e-08
738 4.6406065952392196e-08
739 4.557250406670209e-08
740 4.538189317903013e-08
741 4.2950260604069905e-08
742 4.27117469401459e-08
743 4.26730236514525e-08
744 4.190381191528789e-08
745 4.173340752483419e-08
746 4.111696341834945e-08
747 4.110553964768855e-08
748 4.038642680444769e-08
749 4.021788104894208e-08
750 3.864304553111181e-08
751 3.803058287776128e-08
752 3.795364255816369e-08
753 3.694072031726089e-08
754 3.560288982969264e-08
755 3.4568626103277546e-08
756 3.3259926452842896e-08
757 3.190290822088157e-08
758 3.169665228727371e-08
759 3.142947985781672e-08
760 3.050669929530209e-08
761 3.035101673271689e-08
762 3.0308603262985386e-08
763 2.9444728479491712e-08
764 2.8600092690865014e-08
765 2.857013027730028e-08
766 2.757595895698941e-08
767 2.688665752686032e-08
768 2.6740352812937e-08
769 2.577779311516326e-08
770 2.4700398710133842e-08
771 2.4386522589749047e-08
772 2.3445417004775512e-08
773 2.3037187424348018e-08
774 2.254081037499619e-08
775 2.2540810348678643e-08
776 2.2284949860447766e-08
777 2.2260850774359173e-08
778 2.2223280888330445e-08
779 2.2152159078448456e-08
780 2.208059502462773e-08
781 2.163607707312558e-08
782 2.1568778966906716e-08
783 2.0732750109382252e-08
784 2.0541782429170957e-08
785 1.981056308751591e-08
786 1.977969193554472e-08
787 1.9462867246186468e-08
788 1.94509171068699e-08
789 1.898823888791629e-08
790 1.8971621846910178e-08
791 1.8967287840587595e-08
792 1.852262125488496e-08
793 1.813209593798171e-08
794 1.7421372594327666e-08
795 1.7406338082631825e-08
796 1.7350757027271056e-08
797 1.7294113910937234e-08
798 1.721184652515689e-08
799 1.7136221651739512e-08
800 1.6988596721541672e-08
801 1.6266422043295894e-08
802 1.5689634570099366e-08
803 1.516202384899878e-08
804 1.5105758857175117e-08
805 1.510059625440432e-08
806 1.4956588161397857e-08
807 1.454037120448834e-08
808 1.4420160016235402e-08
809 1.4309459171397137e-08
810 1.4309459138568464e-08
811 1.3860996015870417e-08
812 1.3213095379681367e-08
813 1.277544964666625e-08
814 1.2584828938485979e-08
815 1.2557565731079005e-08
816 1.2496600506100106e-08
817 1.2496600495892816e-08
818 1.2403412505502054e-08
819 1.1973175396565922e-08
820 1.194256504904416e-08
821 1.1575362149256293e-08
822 1.1526776393156845e-08
823 1.1474336017758155e-08
824 1.1336693664819735e-08
825 1.1228015052146501e-08
826 1.0987471101940394e-08
827 1.0948256214808259e-08
828 1.0931721670282051e-08
829 1.093172163873525e-08
830 1.0897965216698077e-08
831 1.076435877846689e-08
832 1.0712221820443572e-08
833 1.055028705657746e-08
834 1.052139269796884e-08
835 1.0236473451383494e-08
836 1.0089346434006827e-08
837 1.0058663671884165e-08
838 9.112079470287626e-09
839 9.088013005297327e-09
840 8.777250219741792e-09
841 8.741114782357722e-09
842 8.741114751676761e-09
843 8.038371241789108e-09
844 7.746462082787631e-09
845 7.619155745440752e-09
846 7.611539751216781e-09
847 7.3251613498858065e-09
848 6.857557585476466e-09
849 6.857557577333741e-09
850 6.80105864864055e-09
851 6.4759449989972505e-09
852 6.093454947226619e-09
853 6.080247261139443e-09
854 6.071221256048727e-09
855 5.837812426235689e-09
856 5.733254334407229e-09
857 5.534977070815692e-09
858 5.508732103276948e-09
859 5.502960995887592e-09
860 5.502960989819782e-09
861 5.440087815695498e-09
862 5.183073394197487e-09
863 5.1787032497467406e-09
864 5.164089120209068e-09
865 5.150523181455866e-09
866 4.965122285036646e-09
867 4.9651222723397555e-09
868 4.885374621862529e-09
869 4.697146328887627e-09
870 4.696842075765249e-09
871 4.696842064810916e-09
872 4.4372476909553316e-09
873 4.437247655014555e-09
874 4.373421912242922e-09
875 4.3555936315650126e-09
876 4.287715579471042e-09
877 4.28047917369266e-09
878 4.280479168092278e-09
879 4.2529961216895555e-09
880 4.211173751840242e-09
881 4.107057183755604e-09
882 3.956601746796286e-09
883 3.854462469284073e-09
884 3.7940936922671864e-09
885 3.79402527604087e-09
886 3.749367850292831e-09
887 3.5676863129808235e-09
888 3.5676863077462927e-09
889 3.518397071496989e-09
890 3.352676322039391e-09
891 3.3419707307853037e-09
892 3.056368838779732e-09
893 2.920393635756328e-09
894 2.920393634412934e-09
895 2.920393620448961e-09
896 2.9203936101069013e-09
897 2.9203936095906348e-09
898 2.9203936081489847e-09
899 2.908561891119313e-09
900 2.862085772950166e-09
901 2.777501440186445e-09
902 2.667905903902709e-09
903 2.5940950308264125e-09
904 2.594095015431162e-09
905 2.5168784647088827e-09
906 2.5168784464817697e-09
907 2.495019288413293e-09
908 2.485875637049528e-09
909 2.4810985049485844e-09
910 2.4810984980960225e-09
911 2.4772740666026334e-09
912 2.4239939465569348e-09
913 2.423993919927097e-09
914 2.4016156346243722e-09
915 2.3890509011735853e-09
916 2.3017370778045433e-09
917 2.2530818913987907e-09
918 2.2295000927768226e-09
919 2.2201999104246837e-09
920 2.2025246105324955e-09
921 2.1828749153200883e-09
922 2.162654770970986e-09
923 2.162654743452825e-09
924 2.09908309368944e-09
925 2.099083092663428e-09
926 2.0506821741487162e-09
927 2.032115941063324e-09
928 1.9716715856499162e-09
929 1.971671579992509e-09
930 1.9716715713405118e-09
931 1.958281570341367e-09
932 1.9183585743382674e-09
933 1.776523512361552e-09
934 1.7504638855256177e-09
935 1.6059389365340046e-09
936 1.5263525156503868e-09
937 1.4809454597860278e-09
938 1.4069801394906718e-09
939 1.4068433249678308e-09
940 1.3958517697883666e-09
941 1.3634207528842267e-09
942 1.3272381488773758e-09
943 1.2549864236601048e-09
944 1.2387180689262878e-09
945 1.216253370323365e-09
946 1.2079307733543864e-09
947 1.1693924190634453e-09
948 1.1468431585037698e-09
949 1.1156306936869812e-09
950 1.054876151068822e-09
951 1.0514402090967727e-09
952 1.0329910427117196e-09
953 1.026757949964391e-09
954 1.011339453834218e-09
955 1.0069201706108367e-09
956 9.993096817518696e-10
957 9.772387603590562e-10
958 9.57425775049562e-10
959 9.395259510701826e-10
960 9.395259374211595e-10
961 9.328166483542483e-10
962 9.328166477172798e-10
963 8.876756447503231e-10
964 8.423752296329929e-10
965 8.076147526056367e-10
966 7.524641508633699e-10
967 7.424172347547844e-10
968 7.30789466402035e-10
969 7.201996996156566e-10
970 7.059526885111465e-10
971 6.893070565003965e-10
972 6.486145559726268e-10
973 5.480308536602772e-10
974 5.138717208096325e-10
975 5.036642626424699e-10
976 4.998295210032899e-10
977 4.847819804704335e-10
978 4.847819768920671e-10
979 4.805716065931053e-10
980 4.778903047300712e-10
981 4.778903036525628e-10
982 4.694773328368162e-10
983 4.604895684011059e-10
984 4.46637817674023e-10
985 4.4597480890082853e-10
986 4.4597478998275907e-10
987 4.2423352194208893e-10
988 4.1778969643243575e-10
989 4.171446478747567e-10
990 4.102051989954577e-10
991 4.0434739647402136e-10
992 3.972825904392664e-10
993 3.8773455691690426e-10
994 3.8373608445904393e-10
995 3.837360672840817e-10
996 3.837360656358478e-10
997 3.8373606460445506e-10
998 3.3739592325982606e-10
999 3.3562003296475387e-10
1000 3.3562002946126715e-10
1001 3.3562001257206716e-10
1002 3.3562000614562886e-10
1003 3.1570895219010555e-10
1004 3.0532169537369346e-10
1005 2.9823297309392123e-10
1006 2.8039829565232175e-10
1007 2.658868547241778e-10
1008 2.65886852714251e-10
1009 2.6549215863717955e-10
1010 2.611140867047727e-10
1011 2.4172591267167264e-10
1012 2.417259095535323e-10
1013 2.385924431947654e-10
1014 2.342654842757413e-10
1015 2.3266243388903434e-10
1016 2.2786224494989612e-10
1017 2.2089622063721987e-10
1018 2.1032330783499561e-10
1019 2.1032330598682274e-10
1020 2.0252041836172777e-10
1021 2.0252041761665642e-10
1022 1.9896685760516973e-10
1023 1.9479652634905103e-10
1024 1.9394530709768538e-10
1025 1.8822828986691798e-10
1026 1.8096434031611117e-10
1027 1.809643129051501e-10
1028 1.684138270140371e-10
1029 1.6841380167344758e-10
1030 1.6701486556651306e-10
1031 1.3871939074285235e-10
1032 1.3871938991318314e-10
1033 1.359752474280855e-10
1034 1.3597521778401166e-10
1035 1.3212585649321577e-10
1036 9.998266464795e-11
1037 9.924980432910145e-11
1038 9.611973519261907e-11
1039 9.39112180122003e-11
1040 9.21133602279323e-11
1041 9.042716283819829e-11
1042 8.934255901475794e-11
1043 8.767994391082014e-11
1044 8.590027845056099e-11
1045 8.59002567356715e-11
1046 8.475513839393604e-11
1047 8.36962255971883e-11
1048 8.034724365707391e-11
1049 7.90105970525916e-11
1050 7.788230827426955e-11
1051 7.788230700033205e-11
1052 7.788226784708365e-11
1053 7.631105856713859e-11
1054 7.468248964728149e-11
1055 7.468247940030097e-11
1056 7.391235017989866e-11
1057 7.391234881408922e-11
1058 7.391233450641676e-11
1059 7.391232404810056e-11
1060 7.114723430815072e-11
1061 7.114721344096675e-11
1062 6.580471929281123e-11
1063 6.080944850167849e-11
1064 6.080943671397165e-11
1065 6.080943457399596e-11
1066 6.080942471053607e-11
1067 5.99130401118569e-11
1068 5.88087377585529e-11
1069 5.7771256567729836e-11
1070 5.744340379499155e-11
1071 5.318629696371896e-11
1072 5.318628251878622e-11
1073 5.1137061257819505e-11
1074 4.388910038708549e-11
1075 4.341012952273202e-11
1076 4.051088549786572e-11
1077 4.051086383976482e-11
1078 3.459667763701212e-11
1079 3.459666132231232e-11
1080 3.3213131119572084e-11
1081 3.244420666147785e-11
1082 3.2169147998076685e-11
1083 3.065676923488046e-11
1084 2.7452319072952733e-11
1085 2.0219379840513338e-11
1086 2.0219378446297188e-11
1087 2.0028582879601972e-11
1088 1.9257892070594215e-11
1089 1.8513854382388085e-11
1090 1.808845869587274e-11
1091 1.783637464252532e-11
1092 1.7742184805925983e-11
1093 1.7333948770431106e-11
1094 1.720846010563902e-11
1095 1.7155716859272698e-11
1096 1.688825426627954e-11
1097 1.6888238981994495e-11
1098 1.6742045937728726e-11
1099 1.6324868850526e-11
1100 1.4698474239978653e-11
1101 1.4698455587043917e-11
1102 1.469844193710856e-11
1103 1.4698437589712198e-11
1104 1.3327519087171902e-11
1105 1.2127979564642431e-11
1106 1.112744488103718e-11
1107 1.1127430482325166e-11
1108 1.112743027310765e-11
1109 1.1127422329632982e-11
1110 1.0244336766799023e-11
1111 1.0244328913031749e-11
1112 8.683469911433821e-12
1113 8.361330864690516e-12
1114 5.238826044917581e-12
1115 4.9225029751223886e-12
1116 4.313438180044778e-12
1117 4.006390839626442e-12
1118 3.8577495361029504e-12
1119 3.2247042904273597e-12
1120 2.627833435757723e-12
1121 2.5666428448472804e-12
1122 1.6725515449302454e-12
1123 1.515223231935284e-12
1124 1.0835421834229906e-12
1125 1.0090791699638483e-12
1126 1.0090664673291354e-12
1127 1.0090473187740633e-12
1128 1.0090347795637725e-12
1129 9.481322839403315e-13
1130 9.481277254208098e-13
1131 9.481218930170811e-13
1132 9.481107924918718e-13
1133 9.481005900335485e-13
1134 9.480980320472125e-13
1135 9.480971345633028e-13
1136 7.716721110306678e-13
1137 7.030573954664078e-13
1138 4.943532000378954e-13