1 0.3756754344033443
2 0.3257844330129195
3 0.30229054167619485
4 0.29934209917275656
5 0.2572538659580217
6 0.25378727793348443
7 0.20901720582712854
8 0.20036622273037352
9 0.1946722097716137
10 0.1930446628453388
11 0.1891796506730644
12 0.17576789128134085
13 0.1529706977648829
14 0.15075394993178146
15 0.13869413790916052
16 0.1293605033198963
17 0.12577659073348849
18 0.12325187634984973
19 0.11707602053393024
20 0.11527624392386025
21 0.11162104296511756
22 0.10252955430507973
23 0.10096397873055114
24 0.08679665519844265
25 0.08376899212299821
26 0.06379831372583698
27 0.06360142053770597
28 0.05215093009245437
29 0.051292702784589916
30 0.05095840191963822
31 0.04802442776781026
32 0.04676420153160677
33 0.038577334405955836
34 0.03781627051489988
35 0.03550035238514898
36 0.02910679078447114
37 0.02616465033579493
38 0.023184702832544427
39 0.021474737156634307
40 0.011582680835036597
41 0.00979882285337358
42 0.007553983035412272
43 0.005603475263822892
44 0.004868434711898994
45 0.0045949084539676725
46 0.004239694871874064
47 0.0031626292116524995
48 0.0008252354581515189
49 0.0007085073305571059
50 0.0007081329294794007
51 0.0006767017260975952
52 0.00010919372294341742
53 0.00010913447960714709
54 0.00010677120691881608
55 0.0001042882095445291
56 1.6485531720385413e-05
57 1.6478561180346625e-05
58 1.64562257021886e-05
59 1.6456211753805703e-05
60 1.6450704871635174e-05
61 2.698233522330735e-06
62 2.6207158138204173e-06
63 2.6057208263956726e-06
64 2.5683282522581943e-06
65 2.54736476844842e-06
66 2.546572201765185e-06
67 8.353899199003859e-07
68 5.113921090048991e-07
69 4.781946925076548e-07
70 4.772455593534364e-07
71 4.6764969324871876e-07
72 4.61847357317519e-07
73 4.5921440999093336e-07
74 4.4360159728073663e-07
75 4.230118979426285e-07
76 4.1886880198490607e-07
77 4.1028071886061406e-07
78 4.0164217667876175e-07
79 4.0118483215060103e-07
80 2.6147155933049533e-07
81 1.8270214820647338e-07
82 1.7674174075969445e-07
83 1.7630927258911838e-07
84 1.6085014520927337e-07
85 1.5342702919325492e-07
86 1.5103865267206163e-07
87 1.356314168673872e-07
88 1.3134823567938358e-07
89 1.2941478181937113e-07
90 1.260704689716074e-07
91 1.2361296831306542e-07
92 1.2302961123949497e-07
93 1.1762676972172056e-07
94 1.1286214974327266e-07
95 1.1100091197156334e-07
96 1.0355947491649531e-07
97 1.0284522235425904e-07
98 9.641229388972586e-08
99 9.40527794845008e-08
100 8.730569883294282e-08
101 8.619488215113948e-08
102 8.142533588083887e-08
103 8.14253358631022e-08
104 8.126463036579192e-08
105 8.118275103404081e-08
106 7.137814082442484e-08
107 6.960654709900866e-08
108 6.88976699184121e-08
109 6.81174815374877e-08
110 6.345598389919232e-08
111 6.234044338341134e-08
112 6.176246504726968e-08
113 6.022993492171987e-08
114 5.915067884306939e-08
115 5.431359451921971e-08
116 5.148172241615952e-08
117 5.0640696364926595e-08
118 4.5966849400006034e-08
119 4.563527348591807e-08
120 4.327880373091734e-08
121 4.231994415796738e-08
122 4.2293576602752224e-08
123 4.217091549266703e-08
124 4.208916181709917e-08
125 4.14447327156674e-08
126 4.134273620511456e-08
127 3.685478475815034e-08
128 3.6399163937471584e-08
129 3.616349702014397e-08
130 3.565616744027264e-08
131 3.533934714968553e-08
132 3.4792213168635693e-08
133 3.473407994194881e-08
134 3.288685848161846e-08
135 2.9345068910351473e-08
136 2.7863579412099414e-08
137 2.6347303841827988e-08
138 2.5801419379063776e-08
139 2.361785252210015e-08
140 2.247263380653424e-08
141 2.191024959946554e-08
142 2.1654578125473206e-08
143 2.1549327529713026e-08
144 2.1235523558528853e-08
145 2.0755316686999116e-08
146 2.042999177317494e-08
147 1.9915926200667694e-08
148 1.8696571236955896e-08
149 1.843292432053241e-08
150 1.8319844097455622e-08
151 1.7205378535123287e-08
152 1.7175733116032084e-08
153 1.701882466717783e-08
154 1.5716165433192524e-08
155 1.5691036179048157e-08
156 1.559713374894788e-08
157 1.5251419298365443e-08
158 1.5146229806562377e-08
159 1.5102733999994654e-08
160 1.5079447891502083e-08
161 1.505612328871375e-08
162 1.444501375076571e-08
163 1.4267468351006433e-08
164 1.4231422270791466e-08
165 1.3851348465403819e-08
166 1.3814366573734969e-08
167 1.342471526494717e-08
168 1.306143795547552e-08
169 1.298015640418921e-08
170 1.2942400951749393e-08
171 1.2893819520114412e-08
172 1.260359059899532e-08
173 1.2266302794797968e-08
174 1.22087846816184e-08
175 1.2176933714362884e-08
176 1.2100472573943932e-08
177 1.2097580062694946e-08
178 1.2045602780553655e-08
179 1.1548305421731191e-08
180 1.1229863657611047e-08
181 1.1113661485117925e-08
182 1.0429126516452769e-08
183 9.866817152348302e-09
184 9.305326432930121e-09
185 9.161722874432078e-09
186 9.09588669725847e-09
187 8.514988154467218e-09
188 8.010298762987156e-09
189 7.519051567548938e-09
190 7.504510097821694e-09
191 7.098385751373321e-09
192 6.941809927172226e-09
193 6.606177093081407e-09
194 6.559527106819535e-09
195 6.536359571128575e-09
196 6.4992764924887646e-09
197 6.198558408980539e-09
198 6.1664461035396245e-09
199 6.103651973987957e-09
200 5.595075682577022e-09
201 5.478548494027923e-09
202 5.377196107778157e-09
203 5.30036508263263e-09
204 5.023630730067838e-09
205 4.951079877563556e-09
206 4.897110739918225e-09
207 4.71401633203422e-09
208 4.578020407070876e-09
209 4.553098080053959e-09
210 4.341979846469036e-09
211 4.301035489605936e-09
212 4.1771102229654475e-09
213 4.113831262750254e-09
214 4.031078321070934e-09
215 4.020669807785135e-09
216 3.910750922234405e-09
217 3.78203604447526e-09
218 3.577765955824899e-09
219 3.5398999115921233e-09
220 3.4895705395686045e-09
221 3.3953813832003997e-09
222 3.1891147582509982e-09
223 3.091358921002738e-09
224 3.0768395919490703e-09
225 3.0400622360313446e-09
226 3.0182300315851607e-09
227 2.9850661219016725e-09
228 2.977222245970924e-09
229 2.92900330442287e-09
230 2.8465152747586985e-09
231 2.839774514706379e-09
232 2.7861835755550674e-09
233 2.744251649404888e-09
234 2.714108830750996e-09
235 2.696948004046376e-09
236 2.6477266606004855e-09
237 2.5985744236855354e-09
238 2.5347170194319933e-09
239 2.5063977219286375e-09
240 2.459834962455792e-09
241 2.2599535135935265e-09
242 2.214940379723358e-09
243 2.1951982107394016e-09
244 2.1376077551139826e-09
245 2.025446051370337e-09
246 2.022492893869437e-09
247 2.0055101564870284e-09
248 2.0034208722817236e-09
249 1.9021521012703376e-09
250 1.8687472261688473e-09
251 1.5331063856375127e-09
252 1.4401513138038877e-09
253 1.3191477987123663e-09
254 1.2877153895952338e-09
255 1.261390855232776e-09
256 1.2406470104999072e-09
257 1.1477666501548582e-09
258 1.1360378648438567e-09
259 1.124593402522647e-09
260 1.1025106223284764e-09
261 1.0932216682679687e-09
262 1.091408570316938e-09
263 1.0704455914418477e-09
264 1.0697256694033074e-09
265 1.025025688472809e-09
266 1.0204418966820953e-09
267 9.993064601591786e-10
268 9.861845303896005e-10
269 9.537803617712019e-10
270 9.434359873443149e-10
271 9.28271514447768e-10
272 8.965450152005329e-10
273 8.730930361035187e-10
274 8.495799002883256e-10
275 8.476994391883983e-10
276 8.0422653533257e-10
277 7.87938928864399e-10
278 7.714879626940856e-10
279 7.176830709084458e-10
280 7.144873675400841e-10
281 7.125763971123353e-10
282 7.071195987826092e-10
283 6.907361375106089e-10
284 6.668712569416178e-10
285 6.619056402260909e-10
286 6.605010287413395e-10
287 6.31604725639329e-10
288 6.233783990634338e-10
289 5.832319909697207e-10
290 5.829674668205809e-10
291 5.825261789263319e-10
292 5.608091654386395e-10
293 5.601795002782177e-10
294 5.470355436675638e-10
295 5.357240805334677e-10
296 5.298673998435632e-10
297 5.295719275063141e-10
298 5.295719162784548e-10
299 4.786729587768387e-10
300 4.715045427440345e-10
301 4.5988782139121735e-10
302 4.416102140780848e-10
303 4.192122180694678e-10
304 4.1332072218734634e-10
305 4.121739247152922e-10
306 4.0232345899649397e-10
307 4.0135927714627874e-10
308 4.00413354228922e-10
309 3.981591494030298e-10
310 3.846310635250059e-10
311 3.743778446602278e-10
312 3.5692937578529424e-10
313 3.455831263872201e-10
314 3.381363545766295e-10
315 3.141341568267429e-10
316 3.096576241357254e-10
317 3.0497754008277655e-10
318 3.0131082172806633e-10
319 2.927541379212991e-10
320 2.904874329596474e-10
321 2.8145171955144746e-10
322 2.7621607953248875e-10
323 2.535984515265027e-10
324 2.534561614742903e-10
325 2.459264082378626e-10
326 2.399353239184243e-10
327 2.1214846892426572e-10
328 2.023504568871458e-10
329 1.9879258007690053e-10
330 1.7948915608297322e-10
331 1.6521549454340622e-10
332 1.6293801478745305e-10
333 1.629379889403223e-10
334 1.6131263317506926e-10
335 1.5254023477454152e-10
336 1.4585385496112034e-10
337 1.4585383493054603e-10
338 1.4145057355016832e-10
339 1.286744795027315e-10
340 1.285822487913989e-10
341 1.2306694286912679e-10
342 1.2306691883514774e-10
343 1.2267876616132897e-10
344 1.2107149544794435e-10
345 1.1979331522443267e-10
346 1.1548265741721419e-10
347 1.0368527819065206e-10
348 1.0213265938998114e-10
349 9.821150125763941e-11
350 9.382490543458153e-11
351 9.180624522217973e-11
352 9.154937430659041e-11
353 9.006824837861597e-11
354 8.934786243774549e-11
355 8.826939377842182e-11
356 8.411112345291227e-11
357 8.264667098747146e-11
358 8.248128394042176e-11
359 7.85530533610602e-11
360 7.626919217260523e-11
361 7.626916947144651e-11
362 7.114127299453619e-11
363 6.897089254966389e-11
364 6.784087353198223e-11
365 6.392611135080045e-11
366 6.144176073990204e-11
367 6.070170993517188e-11
368 5.782199282141119e-11
369 5.625034862627149e-11
370 4.935953377562955e-11
371 4.7753153540018905e-11
372 4.657137412470422e-11
373 4.5157819559342125e-11
374 4.4963184639287314e-11
375 3.650601797923164e-11
376 3.349956980833664e-11
377 2.995154365151445e-11
378 2.6849919754216744e-11
379 2.526285531465199e-11
380 2.4697312282171746e-11
381 2.4051362959133784e-11
382 2.2478178754416534e-11
383 2.0828642503424113e-11
384 1.9039721012521973e-11
385 1.8875093509996715e-11
386 1.783047644720486e-11
387 1.7105107902339945e-11
388 1.6550178412141044e-11
389 1.63950399929227e-11
390 1.5924814474071683e-11
391 1.4848935183242466e-11
392 1.4490533551925005e-11
393 1.43233193452126e-11
394 1.423291895463028e-11
395 1.4119212387076718e-11
396 1.3956708067613893e-11
397 1.3624107128331845e-11
398 1.3566676769450193e-11
399 1.3566668135574594e-11
400 1.304937734645616e-11
401 1.1788123975021032e-11
402 1.1519984965415138e-11
403 1.0267045893203071e-11
404 1.0006104795395076e-11
405 9.910208808123577e-12
406 9.58360544259098e-12
407 9.153640623507786e-12
408 8.950371391692386e-12
409 8.935997873583605e-12
410 8.67536810669566e-12
411 8.428155291297902e-12
412 8.397723957735838e-12
413 8.306215299853328e-12
414 8.261990198001274e-12
415 7.94623319424498e-12
416 7.384744143473616e-12
417 7.263873403127581e-12
418 7.2086902726937455e-12
419 7.181224085691631e-12
420 7.0797168718480956e-12
421 6.832106190456365e-12
422 6.323366824329316e-12
423 6.01385537235524e-12
424 5.803288562941308e-12
425 5.708168300311688e-12
426 5.522586587400383e-12
427 5.425218959300165e-12
428 5.408016303347427e-12
429 5.387974888894282e-12
430 5.358124728168663e-12
431 5.33374858534784e-12
432 5.249340768751256e-12
433 5.179406602088202e-12
434 5.146653140704719e-12
435 5.145033295551083e-12
436 5.068152907655916e-12
437 4.891175523906139e-12
438 4.813261169148519e-12
439 4.489021756322743e-12
440 4.441270868272037e-12
441 4.265824703254117e-12
442 4.1101963255072704e-12
443 3.9700436779262e-12
444 3.752014520006149e-12
445 3.687695757537556e-12
446 3.643521165705807e-12
447 3.6357522698322924e-12
448 3.6070252248585427e-12
449 3.4572618349061054e-12
450 3.4248265946466217e-12
451 3.191762002092039e-12
452 3.1807132716484378e-12
453 3.10664914073561e-12
454 3.1024067994530927e-12
455 3.101414989956645e-12
456 3.0882237837688465e-12
457 3.01861718049069e-12
458 2.9620626470644417e-12
459 2.9437145956106578e-12
460 2.9070527082937593e-12
461 2.849154719790833e-12
462 2.8339877025363716e-12
463 2.6631240105871553e-12
464 2.6015340690698566e-12
465 2.5989855193889825e-12
466 2.5908850018253728e-12
467 2.579407629682805e-12
468 2.5488546442211824e-12
469 2.5087919728531826e-12
470 2.475450796781222e-12
471 2.3902608194711955e-12
472 2.3512822168375527e-12
473 2.3376754999979494e-12
474 2.2616001444307768e-12
475 2.246657544423501e-12
476 2.2064186808644547e-12
477 2.1648338934954386e-12
478 2.1169911452689462e-12
479 2.0655567380592432e-12
480 1.9446831264802623e-12
481 1.9405978370558492e-12
482 1.939120682125266e-12
483 1.9218203065094305e-12
484 1.9218019074209285e-12
485 1.8590768127197537e-12
486 1.6323926724028175e-12
487 1.5561146409176061e-12
488 1.488194919774591e-12
489 1.4109669950063927e-12
490 1.3737002739590954e-12
491 1.371175236475955e-12
492 1.3252729456902916e-12
493 1.3238496853834842e-12
494 1.277639291463568e-12
495 1.2772285603324572e-12
496 1.2676864572085797e-12
497 1.2607537414598723e-12
498 1.1980810888760094e-12
499 1.1947938384795323e-12
500 1.193744228346222e-12
501 1.1702704271004487e-12
502 1.1554357322363777e-12
503 1.1378457906077812e-12
504 1.0761891640805786e-12
505 1.063234221826254e-12
506 1.0568134979915451e-12
507 1.0350421331146447e-12
508 1.0236554760264713e-12
509 9.906587714628536e-13
510 9.691680563523786e-13
511 9.677448089031013e-13
512 9.290405133712829e-13
513 9.277341224633251e-13
514 9.12033311215493e-13
515 9.042899598258484e-13
516 8.985864190795704e-13
517 8.588214346645255e-13
518 8.510219844250246e-13
519 8.284678649562152e-13
520 8.222250625079571e-13
521 8.183436167456111e-13
522 7.67863570463015e-13
523 7.473568388974218e-13
524 7.120641295447791e-13
525 7.057420036325967e-13
526 7.049273595053647e-13
527 6.714868716544369e-13
528 6.562663095117256e-13
529 6.114018839948348e-13
530 6.053293200601865e-13
531 5.974275590348384e-13
532 5.898573368494107e-13
533 5.774818256632191e-13
534 5.624394803000269e-13
535 5.593535095924328e-13
536 5.447712152474345e-13
537 5.428550353001706e-13
538 5.415241163504367e-13
539 5.157613617482758e-13
540 5.049825459821817e-13
541 4.978233673059913e-13
542 4.88735978846054e-13
543 4.764936548018437e-13
544 4.644245609532705e-13
545 4.4703286543619527e-13
546 4.413877265817314e-13
547 4.365844310185562e-13
548 4.2806022949789543e-13
549 4.223499619792283e-13
550 4.200418063753145e-13
551 4.1154298675557556e-13
552 4.115096852281354e-13
553 3.988662270966136e-13
554 3.955778358560696e-13
555 3.94667277525734e-13
556 3.9181260298967576e-13
557 3.7326913183582763e-13
558 3.6408939549013504e-13
559 3.504098297433118e-13
560 3.296091511387076e-13
561 3.1468407012106555e-13
562 3.0626196899339267e-13
563 2.8809026112939826e-13
564 2.854093170030183e-13
565 2.6356799069372956e-13
566 2.616044783807602e-13
567 2.574064012690001e-13
568 2.565560700153116e-13
569 2.5472427667330423e-13
570 2.52800974507366e-13
571 2.476044116059551e-13
572 2.4737966083011466e-13
573 2.397862255814418e-13
574 2.3691671114495894e-13
575 2.3516381651668567e-13
576 2.3352961819481575e-13
577 2.209010151699882e-13
578 2.1376460192146172e-13
579 1.9257244175223753e-13
580 1.901940859830997e-13
581 1.889930115236143e-13
582 1.867898793712527e-13
583 1.8513757702882817e-13
584 1.8311387040055796e-13
585 1.6331661355491253e-13
586 1.6021075766770834e-13
587 1.5629722012524763e-13
588 1.5553254711664786e-13
589 1.4753432103996508e-13
590 1.4744964214062708e-13
591 1.4622891979161508e-13
592 1.3620982424814564e-13
593 1.3616540923779231e-13
594 1.3546413103977356e-13
595 1.341257074219996e-13
596 1.3014521466324105e-13
597 1.2998658866332804e-13
598 1.2958591580050855e-13
599 1.2327492807571586e-13
600 1.0528688597274167e-13
601 9.837667325638783e-14
602 9.409487960692305e-14
603 8.543508039362062e-14
604 8.537493551060495e-14
605 8.187036491955573e-14
606 7.624854992466262e-14
607 7.396085429411222e-14
608 7.281345964085507e-14
609 6.90718391024877e-14
610 6.887054314577334e-14
611 6.816792403303832e-14
612 6.81405918099585e-14
613 6.786478562977712e-14
614 6.614089259904865e-14
615 6.470673233219823e-14
616 6.174191613473497e-14
617 6.162248888161825e-14
618 5.734618513888158e-14
619 5.492459380753599e-14
620 5.385880494065318e-14
621 5.381339951282119e-14
622 5.3489315201441966e-14
623 4.782906394789476e-14
624 4.6969841846324636e-14
625 4.108483828894157e-14
626 3.9384400264047416e-14
627 3.922113322063709e-14
628 3.8938142804656194e-14
629 3.765990327836904e-14
630 3.4309207787280456e-14
631 3.1957250953607734e-14
632 3.0252303542321677e-14
633 2.8774851991084935e-14
634 2.8037430168023976e-14
635 2.406738090405233e-14
636 2.405915222193718e-14
637 2.1191518866142097e-14
638 2.0378077634371632e-14
639 2.01873884008607e-14
640 1.8070605882772603e-14
641 1.724896408739967e-14
642 1.720748419037707e-14
643 1.6270734714658667e-14
644 1.6201411490325118e-14
645 1.470659489313821e-14
646 1.3972675855490573e-14
647 1.3906907541835585e-14
648 1.3170097012871513e-14
649 1.2690883157395e-14
650 1.2578312918270274e-14
651 1.2291022097819913e-14
652 1.0980816639964347e-14
653 1.0537327776505108e-14
654 1.0274878296492596e-14
655 9.063555009694342e-15
656 8.387582772491063e-15
657 8.353284998732844e-15
658 8.311627481031116e-15
659 8.190425444264098e-15
660 7.413653878717248e-15
661 6.927665995530956e-15
662 6.086669395585908e-15
663 5.6948138613328626e-15
664 5.595921801596621e-15
665 5.303288430979216e-15
666 5.2382293709821666e-15
667 5.063489486853551e-15
668 4.450164600676582e-15
669 4.319516573086861e-15
670 4.09348618660314e-15
671 3.4244427259179304e-15
672 3.4165602552346202e-15
673 3.2472550948775983e-15
674 3.2385495922813193e-15
675 3.238456866254294e-15
676 3.2378611571428313e-15
677 3.1463900346201467e-15
678 3.1417630735075188e-15
679 2.4683912916155327e-15
680 2.0525595934552968e-15
681 1.93741885640522e-15
682 1.805840364350662e-15
683 5.708065746857023e-16
684 4.792694687076597e-16
685 4.765628186576479e-16
