1 0.39141832843044516
2 0.3576022521138247
3 0.3359580887219801
4 0.3260682316069222
5 0.32413875976763934
6 0.3150393436526058
7 0.30516139152525873
8 0.2558932823640312
9 0.2179142776620532
10 0.20147699898120947
11 0.15014420744576237
12 0.06695445510102718
13 0.06678205372217622
14 0.06506003863515528
15 0.0643935833868925
16 0.05097853609959781
17 0.05085375148215166
18 0.03803777224369696
19 0.02874879645342635
20 0.015059555329292661
21 0.01419824735241087
22 0.013485840038439225
23 0.012767689679777457
24 0.012670767043694678
25 0.007484868761800111
26 0.006937647452730865
27 0.006738892695372512
28 0.006394822671485238
29 0.00555767425707345
30 0.005137888602642372
31 0.00504251751837099
32 0.004950627342624059
33 0.0036185959477929314
34 0.00360388166803269
35 0.003571482848413983
36 0.0035373745182168542
37 0.003497833743557494
38 0.003388746210533917
39 0.0033885334569125677
40 0.0031474647190107776
41 0.0028683770539149373
42 0.002726722026019591
43 0.002552121994836051
44 0.0021157930407972357
45 0.0020166245037627805
46 0.001818123629495238
47 0.0017137057148052996
48 0.0016593829130569068
49 0.0016407661646506528
50 0.0014796013677920324
51 0.0014675965822217691
52 0.001358696134966892
53 0.0013453126532583768
54 0.0012839015512673792
55 0.001221936655388457
56 0.0012165062984542368
57 0.0011347341730754122
58 0.0010623483851444273
59 0.001062348385144423
60 0.0010497603492557546
61 0.001007594196122418
62 0.0009542690578636018
63 0.0008560440986481764
64 0.0007927171811949818
65 0.0007413852844206524
66 0.0007002215123862943
67 0.0006847996329827157
68 0.0006827638026707822
69 0.0006743251203374205
70 0.0006619460416086779
71 0.0005775027238843372
72 0.0005458546795236253
73 0.000528857796163065
74 0.0005172016240517639
75 0.0005033751962197001
76 0.0004897653813655709
77 0.0004401352129562264
78 0.0004364368420151729
79 0.0004345947695674718
80 0.00041706370332074416
81 0.00040701610893569966
82 0.00040086524892368833
83 0.0003991033203060752
84 0.0003839729078602171
85 0.00038163523641898765
86 0.0003816352364189859
87 0.00037499610979744685
88 0.0003667648535552865
89 0.00033932087921820616
90 0.000333592662486746
91 0.00032434378468113495
92 0.0003091328085158887
93 0.00030804129685990206
94 0.0003021396815718627
95 0.00029058875743096223
96 0.00028898900176903963
97 0.000276298550885782
98 0.00027423671826691396
99 0.0002672522607551428
100 0.00026636321522430163
101 0.0002598956262530066
102 0.0002571258653864788
103 0.0002477655822570039
104 0.00024230772441523207
105 0.0002390668896437255
106 0.00023537202286168208
107 0.0002190920689389
108 0.00021510642115090762
109 0.00021474228028387025
110 0.00021024053592988076
111 0.00020925574034585048
112 0.00020831315002368335
113 0.00020775253384660065
114 0.00020292896355103836
115 0.00019866144556113428
116 0.0001986614455611331
117 0.00018839476879145786
118 0.00018100025735417297
119 0.0001794322250752294
120 0.00017766950630721817
121 0.00017637127386979428
122 0.00017450065821761514
123 0.00016591295012564452
124 0.00016587813217563792
125 0.00015741688120634694
126 0.00015728920036086943
127 0.00015442009207684778
128 0.00014925362255057255
129 0.00013830713725657397
130 0.00013411678105085077
131 0.00013251311879162577
132 0.00012853530963172986
133 0.00012609271198711853
134 0.00012438218402647188
135 0.00012379389194011286
136 0.00012379389194011256
137 0.00011736360103236569
138 0.00011470898642072515
139 0.0001113857066827696
140 0.0001103875448659903
141 0.00010928925447002214
142 0.00010355612063349246
143 0.00010347576870720299
144 0.00010259275520475256
145 9.827725910941923e-05
146 9.776099921560774e-05
147 9.577167229240198e-05
148 9.36338446857197e-05
149 9.207561861649047e-05
150 9.074401515613967e-05
151 8.984712812358601e-05
152 8.698864497695992e-05
153 8.681725737811092e-05
154 8.500038476056726e-05
155 8.25933023592811e-05
156 8.183658867335147e-05
157 8.109827271610752e-05
158 7.98084757518866e-05
159 7.954881709108238e-05
160 7.750882256695439e-05
161 7.66449335623372e-05
162 7.586157153189207e-05
163 7.460310484506087e-05
164 7.39023890163428e-05
165 7.284092253774397e-05
166 7.029972923751812e-05
167 6.940825688447314e-05
168 6.685377215534427e-05
169 6.67916684865131e-05
170 6.614658513496197e-05
171 6.480064777334549e-05
172 6.43735474416562e-05
173 6.118585272158158e-05
174 6.0847312915413736e-05
175 6.011123987116472e-05
176 5.845794101174048e-05
177 5.789167881971954e-05
178 5.709673622850524e-05
179 5.6984442254981214e-05
180 5.4420537135967206e-05
181 5.382548928413252e-05
182 5.350956905043162e-05
183 5.2785065061388985e-05
184 5.2288000365339186e-05
185 5.1001222803500233e-05
186 5.0098041123203984e-05
187 4.9588010304653886e-05
188 4.8667652512912504e-05
189 4.803883303439735e-05
190 4.721101491368838e-05
191 4.635765415551083e-05
192 4.255756261195813e-05
193 4.181828145064336e-05
194 4.1818281450628935e-05
195 4.1071424281966006e-05
196 4.072376017057017e-05
197 4.070384697739615e-05
198 4.008439397285988e-05
199 3.960051253465473e-05
200 3.88240616853187e-05
201 3.8425295588017644e-05
202 3.840320438265323e-05
203 3.776974643352874e-05
204 3.7615062563695955e-05
205 3.643149698458589e-05
206 3.621579587883004e-05
207 3.550132969794581e-05
208 3.5370491982769765e-05
209 3.442789192165982e-05
210 3.3948003361035775e-05
211 3.3819383216310236e-05
212 3.3622989266236255e-05
213 3.342402532821881e-05
214 3.211930880921066e-05
215 3.1572991244064066e-05
216 3.1209559863708276e-05
217 3.080715281674752e-05
218 2.9749059568137894e-05
219 2.9497791929450005e-05
220 2.922316387487522e-05
221 2.8245437572588187e-05
222 2.7671606076187165e-05
223 2.7605949802477432e-05
224 2.7346595795308602e-05
225 2.7328507921982875e-05
226 2.690652805470856e-05
227 2.682011105489886e-05
228 2.670679538694591e-05
229 2.6173874673681182e-05
230 2.6050650593766584e-05
231 2.541016564613039e-05
232 2.538087251670506e-05
233 2.535500844490378e-05
234 2.4915676215732346e-05
235 2.4847596931770928e-05
236 2.4412966854929336e-05
237 2.4388605343131223e-05
238 2.3862361019689793e-05
239 2.341269111207202e-05
240 2.3053527656875002e-05
241 2.2618031525694106e-05
242 2.218417929799672e-05
243 2.2062423335223592e-05
244 2.2011852239929594e-05
245 2.1858047588409257e-05
246 2.157073037311934e-05
247 2.0990653199469307e-05
248 2.0705822600220714e-05
249 2.067017865424097e-05
250 2.063027665526683e-05
251 2.063027665525666e-05
252 2.0473086451140573e-05
253 2.0333239810927996e-05
254 2.0134115397942925e-05
255 2.013411539794054e-05
256 2.01036359278618e-05
257 1.9983962665847897e-05
258 1.9202515112409745e-05
259 1.8598437609392e-05
260 1.858286987333866e-05
261 1.8581408304891152e-05
262 1.8552725048875954e-05
263 1.842632026853195e-05
264 1.8426320268523866e-05
265 1.823378616957361e-05
266 1.811210037769603e-05
267 1.809587622454895e-05
268 1.809267008211031e-05
269 1.7799639870280385e-05
270 1.7785099006849726e-05
271 1.7289059665949996e-05
272 1.6718028382914662e-05
273 1.648081938747608e-05
274 1.6294246792505614e-05
275 1.611696389160894e-05
276 1.55723319007063e-05
277 1.5501263645264057e-05
278 1.5154933108220028e-05
279 1.5041709419495376e-05
280 1.437641154574661e-05
281 1.4051725524107599e-05
282 1.4026441099447208e-05
283 1.400682398246172e-05
284 1.3945649214848933e-05
285 1.3879064848234965e-05
286 1.361748302794674e-05
287 1.3213295821419685e-05
288 1.3202201247819924e-05
289 1.3117157134563436e-05
290 1.2931197983585498e-05
291 1.2849299896348982e-05
292 1.2789269516094249e-05
293 1.275819304673277e-05
294 1.2517882039619004e-05
295 1.2348281838079285e-05
296 1.2260808831353085e-05
297 1.2126334600206136e-05
298 1.2095083714368845e-05
299 1.204375531710423e-05
300 1.1939822775430434e-05
301 1.1630190222684332e-05
302 1.1577539811931564e-05
303 1.1509874092860102e-05
304 1.0667683328106603e-05
305 1.0497638135896155e-05
306 1.0370073325388349e-05
307 1.035746584633301e-05
308 1.018618155735546e-05
309 9.850194676330366e-06
310 9.846370366670951e-06
311 9.68877451438998e-06
312 9.589585464035104e-06
313 9.578587208744593e-06
314 9.480782234122173e-06
315 9.233741841437351e-06
316 9.210088957069026e-06
317 9.210088957057459e-06
318 8.990637106006915e-06
319 8.965379563469474e-06
320 8.934428201448813e-06
321 8.910942628112398e-06
322 8.8530902029863e-06
323 8.73723500264452e-06
324 8.633803222271252e-06
325 8.633803222265493e-06
326 8.610841550964472e-06
327 8.563276355313273e-06
328 8.547444128135223e-06
329 8.468684668620946e-06
330 8.3798769140808e-06
331 8.34786846129173e-06
332 8.194891124854849e-06
333 8.096599737259207e-06
334 8.07752610821566e-06
335 8.065190756391777e-06
336 8.005953065172903e-06
337 7.993015206319915e-06
338 7.991136520415129e-06
339 7.77254401433727e-06
340 7.713328750571088e-06
341 7.70959221679265e-06
342 7.706750469194037e-06
343 7.693458500774925e-06
344 7.6201470372702615e-06
345 7.570629985084205e-06
346 7.0931406355579804e-06
347 7.029122836571568e-06
348 6.968055308871093e-06
349 6.83737384948429e-06
350 6.7744244302848595e-06
351 6.720621553748473e-06
352 6.7119998726330816e-06
353 6.67706717419532e-06
354 6.617650160249591e-06
355 6.551323055802271e-06
356 6.40013462357814e-06
357 6.325315290201367e-06
358 6.193994951059071e-06
359 6.1881975601717265e-06
360 6.120045115000986e-06
361 6.075387974104348e-06
362 6.0430627791092685e-06
363 5.997179459871725e-06
364 5.93726562874927e-06
365 5.873632751183125e-06
366 5.830086377833106e-06
367 5.814968044018055e-06
368 5.80475597544223e-06
369 5.6676370659463525e-06
370 5.647766377822553e-06
371 5.538068203492094e-06
372 5.538068203484533e-06
373 5.465889784374037e-06
374 5.391041119198739e-06
375 5.375167938153743e-06
376 5.25754982694234e-06
377 5.236701184208601e-06
378 5.2257604022937054e-06
379 5.171771721670619e-06
380 5.165392426948713e-06
381 5.115372642302277e-06
382 5.11403927695102e-06
383 5.091914323267768e-06
384 4.8778815585928686e-06
385 4.817004482162507e-06
386 4.808735863166866e-06
387 4.808735863166523e-06
388 4.714402953504269e-06
389 4.707448839380336e-06
390 4.620021407055749e-06
391 4.5380119393099105e-06
392 4.401861598161012e-06
393 4.3627549209881486e-06
394 4.315321456296159e-06
395 4.315109948317527e-06
396 4.240332977348725e-06
397 4.209149953399943e-06
398 4.08214358712314e-06
399 3.966507341237217e-06
400 3.951079058916079e-06
401 3.941804768761215e-06
402 3.929327522924648e-06
403 3.929266074904208e-06
404 3.8111353958916326e-06
405 3.801208104792291e-06
406 3.733917569059791e-06
407 3.7339175690573548e-06
408 3.6339717092207034e-06
409 3.632564564549126e-06
410 3.6317531110237156e-06
411 3.626581486741159e-06
412 3.625063333960719e-06
413 3.61605730278982e-06
414 3.6023145273503626e-06
415 3.5738279736365268e-06
416 3.529968029989442e-06
417 3.5164306187111026e-06
418 3.3657334082570227e-06
419 3.3404770739001235e-06
420 3.166669965543176e-06
421 3.1583568463647253e-06
422 3.0466956871190095e-06
423 2.9807833011404565e-06
424 2.9469792494506308e-06
425 2.894162213507119e-06
426 2.846561826322399e-06
427 2.793907213143717e-06
428 2.7619757258710937e-06
429 2.753491656244867e-06
430 2.7197183079544266e-06
431 2.703110119884945e-06
432 2.659212750065243e-06
433 2.659212750060573e-06
434 2.626537654764095e-06
435 2.6265376547511393e-06
436 2.5910652287770152e-06
437 2.545280478317022e-06
438 2.5005444817688483e-06
439 2.497785828479678e-06
440 2.4202998060750953e-06
441 2.3806538489663848e-06
442 2.2589844127442558e-06
443 2.215259268157227e-06
444 2.200950343978195e-06
445 2.0799420158093186e-06
446 2.068232321861108e-06
447 2.0485562539649965e-06
448 2.0147307921188322e-06
449 1.9866210116756636e-06
450 1.9791537656201856e-06
451 1.976306240247926e-06
452 1.9430129790819983e-06
453 1.927906417841599e-06
454 1.925902867040289e-06
455 1.9139717008191635e-06
456 1.892319462329275e-06
457 1.842983120287345e-06
458 1.76647658853638e-06
459 1.7646267220079254e-06
460 1.7526051465817873e-06
461 1.7231104255565153e-06
462 1.6753992458041604e-06
463 1.5810366262958244e-06
464 1.579181147593959e-06
465 1.564886467981465e-06
466 1.5485006230831474e-06
467 1.532190528199733e-06
468 1.492917660995197e-06
469 1.4420714469645847e-06
470 1.3703427589012603e-06
471 1.3181992046401485e-06
472 1.3043255058594702e-06
473 1.3043255058581503e-06
474 1.3034350255408744e-06
475 1.3008449578313699e-06
476 1.2962147166630476e-06
477 1.2881995782348413e-06
478 1.2820230361492981e-06
479 1.2764377607966122e-06
480 1.211070946846317e-06
481 1.175433487859012e-06
482 1.0786912904171884e-06
483 1.0762471040374068e-06
484 1.0749784091174155e-06
485 1.0675877146484726e-06
486 1.0646303207621452e-06
487 1.059904041462233e-06
488 1.0566917984897541e-06
489 1.007940930654297e-06
490 1.0079270000502208e-06
491 1.006862937577735e-06
492 1.0059987166246336e-06
493 1.005589271775126e-06
494 1.0055136849384319e-06
495 9.336119232805721e-07
496 9.33429561972659e-07
497 9.122453828867546e-07
498 8.942007901404402e-07
499 8.938876666502364e-07
500 8.92175158232284e-07
501 8.587941166637475e-07
502 8.451938878313692e-07
503 8.201462868803614e-07
504 8.166111253045337e-07
505 8.024599895741031e-07
506 7.851420198332577e-07
507 7.792620311641072e-07
508 7.789373295668506e-07
509 7.740276727872716e-07
510 7.274522967120596e-07
511 7.212366779765883e-07
512 6.914952727488594e-07
513 6.843192082095411e-07
514 6.8431920819902e-07
515 5.979866120572487e-07
516 5.430870712804585e-07
517 5.430167744684957e-07
518 4.880187763936838e-07
519 4.709218637519857e-07
520 4.23415507272354e-07
521 4.1701131199960353e-07
522 4.1461939530470853e-07
523 3.793001448049487e-07
524 3.5011648493199037e-07
525 3.4850925287451094e-07
526 3.4793520314087115e-07
527 3.460270084029746e-07
528 3.3394602463503656e-07
529 2.96028823406654e-07
530 2.6991880812192006e-07
531 2.605446326119489e-07
532 2.5623245654711714e-07
533 2.3464379505090596e-07
534 2.1639960043602965e-07
535 2.1182599653743154e-07
536 2.109901226932765e-07
537 2.1075604054751754e-07
538 2.106824287932346e-07
539 2.0966934379956794e-07
540 2.0856849490670158e-07
541 2.0798254696733514e-07
542 2.0505974450662346e-07
543 2.00493056303393e-07
544 1.9832948109121475e-07
545 1.979300675647486e-07
546 1.909068696222762e-07
547 1.909068696137737e-07
548 1.8842355700416407e-07
549 1.8692528118378328e-07
550 1.8676922731756395e-07
551 1.8544019541494243e-07
552 1.8499157670388744e-07
553 1.833812425615406e-07
554 1.7664647578956373e-07
555 1.7526678933838999e-07
556 1.7446475475295896e-07
557 1.6649528645015168e-07
558 1.6492601202610012e-07
559 1.619533944218637e-07
560 1.6058173292531728e-07
561 1.5556918706697913e-07
562 1.552362582467957e-07
563 1.5445203991874934e-07
564 1.5205834198851486e-07
565 1.4858386367081027e-07
566 1.2382330977460111e-07
567 1.2286116135873572e-07
568 1.1627138215988167e-07
569 1.1316571907650555e-07
570 1.074158524912251e-07
571 1.0572928398244002e-07
572 1.0535423789381441e-07
573 9.820805864059555e-08
574 9.746899569412401e-08
575 9.629662236683885e-08
576 8.189375475031788e-08
577 7.670709492803232e-08
578 7.642014693173171e-08
579 7.517194788657881e-08
580 7.131038456771257e-08
581 6.339875048568582e-08
582 5.3440170541302515e-08
583 5.313025522872015e-08
584 5.1911747557766256e-08
585 4.8025965654228503e-08
586 4.802388566705117e-08
587 4.5419058756505245e-08
588 4.472520853092009e-08
589 4.434563240315033e-08
590 4.4096910887646747e-08
591 4.282279059609919e-08
592 4.2416921687949e-08
593 4.128417410703697e-08
594 4.03819404515013e-08
595 4.020874109488112e-08
596 3.992873498313887e-08
597 3.8461355281950646e-08
598 3.7037753237855316e-08
599 3.584070738546495e-08
600 3.5152367055371216e-08
601 3.4595089717923624e-08
602 3.3092902897339014e-08
603 3.1844909286818166e-08
604 3.1008426027969914e-08
605 2.5808636844815242e-08
606 2.4586579610026473e-08
607 2.4516710113388228e-08
608 2.2503751898627598e-08
609 2.082870352574895e-08
610 1.6310961444243876e-08
611 1.5686171590737755e-08
612 1.545486872303611e-08
613 1.5407422966830725e-08
614 1.3765735366510293e-08
615 1.2915046749474457e-08
616 1.2474487918542221e-08
617 1.0686555846279434e-08
618 9.883196763546294e-09
619 9.739155459500596e-09
620 9.40167641395307e-09
621 9.061632407361175e-09
622 8.929666295046304e-09
623 8.788409855566187e-09
624 8.195793429799233e-09
625 7.860534112495291e-09
626 7.32656242644883e-09
627 7.177322191006199e-09
628 7.139902180992179e-09
629 6.59900909424403e-09
630 6.3204395421474926e-09
631 5.462498641572305e-09
632 5.191635093121056e-09
633 4.562323277879805e-09
634 3.5099360550678225e-09
635 3.475723677174363e-09
636 3.394251595769381e-09
637 3.3631857348773655e-09
638 3.219381579690079e-09
639 3.0561208508233345e-09
640 3.024073836591528e-09
641 2.8740755573858604e-09
642 2.6801344724544353e-09
643 2.5185328883815374e-09
644 2.4981510106440315e-09
645 2.0854652255843902e-09
646 2.023770919747387e-09
647 1.887731592405335e-09
648 1.7667934138617443e-09
649 1.6248324292817518e-09
650 1.6043284875619934e-09
651 1.5533518063198265e-09
652 8.338616225831945e-10
653 5.722895474674908e-10
654 4.903216587084268e-10
655 4.794396514696626e-10
656 4.479742893958953e-10
657 4.063660869368325e-10
658 3.8051300283305734e-10
659 3.1532270793532713e-10
660 9.279070855386737e-11
661 6.188958290187203e-11
662 1.1712256933692868e-11