1 0.40327849212285904
2 0.30822754111668427
3 0.25130987063472937
4 0.2502635802344806
5 0.2487526364683772
6 0.22271489102462436
7 0.19112452150204565
8 0.17274950302203174
9 0.16870873835900554
10 0.16870873835900552
11 0.1687087383590055
12 0.1649175257961811
13 0.14978281944052502
14 0.14523878130504733
15 0.1277050383254691
16 0.12514922188740507
17 0.1172841513011339
18 0.11164573539259287
19 0.111321779244541
20 0.10899370157090388
21 0.10618290353585119
22 0.10013072521221882
23 0.09786179930151594
24 0.09525510694056347
25 0.0922235418727747
26 0.09017914080111072
27 0.09017914080111067
28 0.08983166996446967
29 0.08621679017601655
30 0.07690549521646649
31 0.07292401060571087
32 0.07236913528317257
33 0.0716837293307972
34 0.06796556870648457
35 0.06150005052121023
36 0.05712250529671911
37 0.056735122527617886
38 0.05565774715183403
39 0.05354979975907103
40 0.05269826141821268
41 0.04860423072177586
42 0.04854338534057479
43 0.04852632363487361
44 0.0485263236348736
45 0.04612254840649133
46 0.04270414637617341
47 0.04257266500074626
48 0.04257266500074625
49 0.042572665000746246
50 0.04021403225697233
51 0.03779681987390303
52 0.037796819873903015
53 0.03755510913324411
54 0.037503178758283406
55 0.03665015838396486
56 0.036650158383964855
57 0.03665015838396484
58 0.036482908126397214
59 0.03460734232312718
60 0.034433638782271334
61 0.03415856179014328
62 0.033916681355582776
63 0.033904010866550996
64 0.03389663509696341
65 0.03265334889731805
66 0.03111795700108316
67 0.030731957666002698
68 0.03053979201506129
69 0.03051901902015967
70 0.03033634821969522
71 0.030273992076034963
72 0.030001845760407146
73 0.02989987317820443
74 0.02940035423463316
75 0.0292989265339477
76 0.02877371081315598
77 0.02750392415534133
78 0.02712038159986723
79 0.026894097875385353
80 0.026794635684009048
81 0.02664463915361117
82 0.026591301319455467
83 0.026549236332627808
84 0.026381952075623858
85 0.02638195207562384
86 0.02553425487660469
87 0.025370440593173352
88 0.024698837713814013
89 0.024694853619070475
90 0.024694853619070447
91 0.022756179607076515
92 0.022756179607076498
93 0.022387512891330934
94 0.022373787405844236
95 0.021550768485389782
96 0.021095752579132678
97 0.018831968553834316
98 0.018261928710817915
99 0.018261928710817884
100 0.017505607730223242
101 0.01715071439849889
102 0.01715071439849886
103 0.017150714398498836
104 0.017150714398498825
105 0.016860464873740686
106 0.0167169247964215
107 0.016607178279571373
108 0.016444157748738846
109 0.01473830063788891
110 0.014563387534695328
111 0.014542253271002335
112 0.014414530661865807
113 0.014414530661865783
114 0.014368362862289857
115 0.014054966148662642
116 0.014047446467057238
117 0.014044907497020531
118 0.013840236661745614
119 0.01329809855317172
120 0.0132980985531717
121 0.013298098553171685
122 0.013186585097045211
123 0.013153579734502157
124 0.013088692186950808
125 0.012458300283688495
126 0.012264993812792004
127 0.012264993812791978
128 0.012245334414327317
129 0.012245334414327307
130 0.011994483078772078
131 0.011948344099842216
132 0.011916193540284644
133 0.011873618692121867
134 0.011767822105969258
135 0.011712348850411577
136 0.011659668562228083
137 0.011659668562228082
138 0.011190333873693843
139 0.010609824312570995
140 0.01038994723271927
141 0.010220524263524402
142 0.010089423604702948
143 0.009955317776662777
144 0.00969285044728371
145 0.009636503227980585
146 0.009438386010090982
147 0.00932088041267489
148 0.00925722226459847
149 0.009207011120454632
150 0.009206248834681128
151 0.009177782112086856
152 0.00876411149411534
153 0.008689127681785503
154 0.008514674264565428
155 0.008509301812945392
156 0.008268890291349064
157 0.008213806274289963
158 0.008045917674414272
159 0.008008351145851458
160 0.007975382944568307
161 0.00784414186590714
162 0.0077550300669533365
163 0.007755030066953265
164 0.007754676934102247
165 0.007743868012736168
166 0.007639465124477917
167 0.007639465124477899
168 0.007639465124477874
169 0.007570790590846098
170 0.007545058405165575
171 0.007545058405165566
172 0.007545058405165547
173 0.007473107655542453
174 0.007393413028535354
175 0.007343057870146184
176 0.006786568558823841
177 0.006786568558823798
178 0.006693635876144726
179 0.0064434201184774675
180 0.006443420118477411
181 0.006163319543323732
182 0.005854791393315105
183 0.005704278629570754
184 0.005649358152950973
185 0.0052590980325741485
186 0.0050428428870001405
187 0.0049153442174282354
188 0.00491534421742823
189 0.004835895889855548
190 0.00469976230678154
191 0.004619752462889174
192 0.004619036333598152
193 0.004498391266682603
194 0.004465938364294829
195 0.004449465640841417
196 0.004417437891968463
197 0.004274654953826238
198 0.004274654953826228
199 0.004218418358901414
200 0.004190995756480381
201 0.004190724466206211
202 0.0041756454573761825
203 0.00415363805035246
204 0.004134427012015953
205 0.00412333449695116
206 0.004078850037809683
207 0.004019413112749564
208 0.003712965887311903
209 0.0035836396924750907
210 0.00356181044469079
211 0.0035466886378497458
212 0.003546688637849683
213 0.003315134659874685
214 0.0033083816119102525
215 0.0032587052703678234
216 0.003254123862722654
217 0.0031565439044073046
218 0.0031529267660763195
219 0.0030995448663183743
220 0.0030845734567877536
221 0.0030535039896460517
222 0.0030069818588475783
223 0.003006981858847575
224 0.002942249278535801
225 0.002942249278535796
226 0.0027954887159874642
227 0.0027682264119231665
228 0.0027206458613642046
229 0.0025819180778081673
230 0.002549266885942235
231 0.002512166309844342
232 0.0024860992287246892
233 0.0024734639099200156
234 0.0023395280122027145
235 0.002331971034325866
236 0.0023062547363455928
237 0.0022947526146203366
238 0.002228512451151364
239 0.002213666998672186
240 0.0022014808901750804
241 0.0021856346833051613
242 0.002148628331772913
243 0.0020976654060899
244 0.0020367477049769937
245 0.002025755536312685
246 0.00197899540525601
247 0.001956847443207278
248 0.0019079894916226878
249 0.001854667083006831
250 0.0018130734266108694
251 0.0018130218213922374
252 0.0018039725244714247
253 0.0018023659959282038
254 0.0017689856653433835
255 0.0017128211996631337
256 0.001686364618518656
257 0.0016215843422264886
258 0.0016036183329009588
259 0.0015908110817681859
260 0.001570177128686241
261 0.0015581295020135422
262 0.0015273114938171438
263 0.0015052001611856752
264 0.001478892673184726
265 0.0014105004586882162
266 0.0014067144480817985
267 0.0013590745271632194
268 0.001335901494929289
269 0.0013337409961836112
270 0.0013294288870446106
271 0.0013271026795922515
272 0.0013271026795922338
273 0.0013242238200760633
274 0.0013098337592157745
275 0.0013042162521616821
276 0.001253619012103736
277 0.0012263915276257051
278 0.0012192348715406745
279 0.0011787477588486484
280 0.0011269534687202976
281 0.0011253599413565646
282 0.0011194288213583338
283 0.0011112618432404498
284 0.0010536997487378187
285 0.001043298514733976
286 0.0010423061356711568
287 0.0010247218811249102
288 0.0010142754288433114
289 0.0009875896581579902
290 0.0009694005405601006
291 0.0009400722524916474
292 0.0009342683994735956
293 0.0009255884808090291
294 0.0009010844886270675
295 0.0008988020675924342
296 0.0008852794070015826
297 0.0008840851861649504
298 0.0008485936506501602
299 0.0008354783585482263
300 0.0008330445839150403
301 0.000822315246743914
302 0.0008211591552764059
303 0.0008207907584424607
304 0.0008144231700868468
305 0.0007965354225844428
306 0.0007783741003775464
307 0.0007705339017651642
308 0.0007319305854484152
309 0.0007150746402015847
310 0.0007054252540603594
311 0.000652973437132314
312 0.0006273526235368633
313 0.0006241641746166232
314 0.0006137935515725713
315 0.0006017043177549144
316 0.0005819699160330775
317 0.0005819699160329844
318 0.0005790674227788188
319 0.0005688482373401261
320 0.0005685541180271512
321 0.0005623521043170472
322 0.0005591905611232004
323 0.000558605941069497
324 0.000550305812878425
325 0.0005452502333932114
326 0.0005452502333931769
327 0.0005426841357952738
328 0.0005000944412538917
329 0.0004998432125221676
330 0.0004993879347654019
331 0.0004912873686273955
332 0.0004910828653074072
333 0.00048147000707780146
334 0.0004782878442468996
335 0.0004621406166272702
336 0.00045522193279308595
337 0.0004495087414935858
338 0.0004475910547320559
339 0.0004296573934927788
340 0.0004188005228979363
341 0.0004091973400047437
342 0.00040199577766342686
343 0.00039622502984491646
344 0.00039622502984490443
345 0.00039405730091140794
346 0.0003837148134341427
347 0.00037982847150966
348 0.0003692867141941209
349 0.00036251109248691986
350 0.00035497617688574825
351 0.0003547681424161374
352 0.00034295452102099623
353 0.0003371069416487619
354 0.0003371069416487005
355 0.0003359167834459192
356 0.00033519523413208817
357 0.000334160148587826
358 0.00033324370231284427
359 0.00032911135565283123
360 0.00032742951425396516
361 0.000319819519126193
362 0.0003176791521964361
363 0.00031634343757161817
364 0.00031634343757159204
365 0.00031215004790919703
366 0.00028397800999901615
367 0.00028383481116151866
368 0.0002824813265004372
369 0.0002818238018671765
370 0.0002804204372610142
371 0.00027518142514267437
372 0.0002731955259275103
373 0.0002714530872603331
374 0.0002711152618964619
375 0.00026985789309050273
376 0.0002630198671021481
377 0.0002618016175506911
378 0.00024936590840541126
379 0.000244622565886229
380 0.00024266396713534664
381 0.0002368686437269159
382 0.0002357571752266814
383 0.0002335668484354163
384 0.00022629514386127356
385 0.0002218030630969563
386 0.00021949162597350048
387 0.00021413765263306907
388 0.00020980583206192031
389 0.00019173057811809662
390 0.0001891074979202911
391 0.00018064678263538049
392 0.00017418146799422603
393 0.00016321534685385724
394 0.00015659019284219755
395 0.00015400165175385102
396 0.0001469897853421362
397 0.00013957137068330538
398 0.0001355128786967295
399 0.00013382071617755223
400 0.0001330619070822527
401 0.00012933189871007495
402 0.00012613251599523278
403 0.0001138866715098094
404 0.00011295812197026071
405 0.00010568186649310763
406 0.00010568186649305724
407 0.00010568186649305112
408 0.00010411247061998402
409 0.00010135721688732411
410 9.605628116449024e-05
411 9.409279193142097e-05
412 9.147755741413951e-05
413 9.147755741411591e-05
414 8.599989922138381e-05
415 8.476663881711576e-05
416 8.248633133997147e-05
417 8.01644790645155e-05
418 7.630602389112042e-05
419 7.111659077548599e-05
420 7.017154253733853e-05
421 6.893929572433047e-05
422 6.849960150114365e-05
423 6.760005412192332e-05
424 6.728673316309263e-05
425 6.454728991603801e-05
426 6.447738414902102e-05
427 6.146666742761549e-05
428 6.129350708268728e-05
429 6.12348351430861e-05
430 6.123483514306044e-05
431 5.9772419120988725e-05
432 5.538743015879069e-05
433 5.16939315219118e-05
434 5.1672469406136115e-05
435 4.826468217504748e-05
436 4.7425144569375196e-05
437 4.5585160765288524e-05
438 4.5585160765255246e-05
439 4.558516076525482e-05
440 4.5585160765210895e-05
441 4.5585160765188927e-05
442 4.5445339015086216e-05
443 4.090693009083214e-05
444 4.0471780801240645e-05
445 3.9813136487212774e-05
446 3.9022965297355585e-05
447 3.8826947438716935e-05
448 3.692166511202626e-05
449 3.622042818142526e-05
450 3.522002040674345e-05
451 3.522002040666951e-05
452 3.4209459079139155e-05
453 3.4209459079134005e-05
454 2.588770814993736e-05
455 2.223053033286129e-05
456 2.0814944059443773e-05
457 2.0564902707349526e-05
458 1.864503229682956e-05
459 1.7707379013582145e-05
460 1.770737901357018e-05
461 1.7699506719882645e-05
462 1.6601330891719128e-05
463 1.628813170574592e-05
464 1.551075460918177e-05
465 1.303924592872541e-05
466 1.0973906226431661e-05
467 1.0801840831550547e-05
468 1.0783377948500396e-05
469 1.0473921393686286e-05
470 1.0322624944675115e-05
471 9.847217429822318e-06
472 6.532611988136289e-06
473 5.609744520971455e-06
474 5.593055966353273e-06
475 5.189433115619911e-06
476 4.704965028039517e-06
477 4.7049650280076085e-06
478 4.4949416736660066e-06
479 4.4648895103843265e-06
480 3.1585402890213015e-06
481 2.9196848878930456e-06
482 2.7257814596924774e-06
483 2.6430329043562704e-06
484 2.643032904342649e-06
485 1.2114120678783647e-06
486 1.1266887965553279e-06
487 9.179155993885756e-07
488 7.970391985656084e-07
489 7.868715022966234e-07
490 3.056927616319962e-07
491 2.4738341784585546e-07
492 2.3163064161503283e-07
493 1.9856242886089733e-07
494 6.242576095889176e-08