1 0.02231237322515213
2 0.02028397565922921
3 0.02028397565922921
4 0.02028397565922921
5 0.018255578093306288
6 0.018255578093306288
7 0.018255578093306288
8 0.018255578093306288
9 0.018255578093306288
10 0.018255578093306288
11 0.018255578093306288
12 0.016227180527383367
13 0.016227180527383367
14 0.016227180527383367
15 0.016227180527383367
16 0.016227180527383367
17 0.016227180527383367
18 0.016227180527383367
19 0.016227180527383367
20 0.016227180527383367
21 0.016227180527383367
22 0.016227180527383367
23 0.014198782961460446
24 0.014198782961460446
25 0.014198782961460446
26 0.014198782961460446
27 0.014198782961460446
28 0.014198782961460446
29 0.014198782961460446
30 0.014198782961460446
31 0.014198782961460446
32 0.014198782961460446
33 0.014198782961460446
34 0.014198782961460446
35 0.014198782961460446
36 0.014198782961460446
37 0.014198782961460446
38 0.014198782961460446
39 0.014198782961460446
40 0.014198782961460446
41 0.014198782961460446
42 0.012170385395537525
43 0.012170385395537525
44 0.012170385395537525
45 0.012170385395537525
46 0.012170385395537525
47 0.012170385395537525
48 0.012170385395537525
49 0.012170385395537525
50 0.012170385395537525
51 0.012170385395537525
52 0.012170385395537525
53 0.012170385395537525
54 0.012170385395537525
55 0.012170385395537525
56 0.012170385395537525
57 0.012170385395537525
58 0.012170385395537525
59 0.012170385395537525
60 0.012170385395537525
61 0.012170385395537525
62 0.012170385395537525
63 0.012170385395537525
64 0.012170385395537525
65 0.012170385395537525
66 0.012170385395537525
67 0.012170385395537525
68 0.012170385395537525
69 0.012170385395537525
70 0.012170385395537525
71 0.012170385395537525
72 0.012170385395537525
73 0.012170385395537525
74 0.012170385395537525
75 0.012170385395537525
76 0.010141987829614604
77 0.010141987829614604
78 0.010141987829614604
79 0.010141987829614604
80 0.010141987829614604
81 0.010141987829614604
82 0.010141987829614604
83 0.010141987829614604
84 0.010141987829614604
85 0.010141987829614604
86 0.010141987829614604
87 0.010141987829614604
88 0.010141987829614604
89 0.010141987829614604
90 0.010141987829614604
91 0.010141987829614604
92 0.010141987829614604
93 0.010141987829614604
94 0.010141987829614604
95 0.010141987829614604
96 0.010141987829614604
97 0.010141987829614604
98 0.010141987829614604
99 0.010141987829614604
100 0.010141987829614604
101 0.010141987829614604
102 0.010141987829614604
103 0.010141987829614604
104 0.010141987829614604
105 0.010141987829614604
106 0.010141987829614604
107 0.010141987829614604
108 0.010141987829614604
109 0.010141987829614604
110 0.010141987829614604
111 0.010141987829614604
112 0.010141987829614604
113 0.010141987829614604
114 0.010141987829614604
115 0.010141987829614604
116 0.010141987829614604
117 0.010141987829614604
118 0.010141987829614604
119 0.010141987829614604
120 0.010141987829614604
121 0.010141987829614604
122 0.010141987829614604
123 0.010141987829614604
124 0.010141987829614604
125 0.010141987829614604
126 0.010141987829614604
127 0.010141987829614604
128 0.010141987829614604
129 0.010141987829614604
130 0.010141987829614604
131 0.010141987829614604
132 0.010141987829614604
133 0.010141987829614604
134 0.010141987829614604
135 0.010141987829614604
136 0.010141987829614604
137 0.010141987829614604
138 0.010141987829614604
139 0.010141987829614604
140 0.010141987829614604
141 0.010141987829614604
142 0.010141987829614604
143 0.010141987829614604
144 0.010141987829614604
145 0.010141987829614604
146 0.010141987829614604
147 0.010141987829614604
148 0.010141987829614604
149 0.010141987829614604
150 0.010141987829614604
151 0.010141987829614604
152 0.010141987829614604
153 0.010141987829614604
154 0.010141987829614604
155 0.010141987829614604
156 0.010141987829614604
157 0.010141987829614604
158 0.010141987829614604
159 0.010141987829614604
160 0.010141987829614604
161 0.010141987829614604
162 0.010141987829614604
163 0.010141987829614604
164 0.010141987829614604
165 0.010141987829614604
166 0.010141987829614604
167 0.010141987829614604
168 0.010141987829614604
169 0.010141987829614604
170 0.010141987829614604
171 0.010141987829614604
172 0.010141987829614604
173 0.010141987829614604
174 0.010141987829614604
175 0.010141987829614604
176 0.010141987829614604
177 0.008113590263691683
178 0.008113590263691683
179 0.008113590263691683
180 0.008113590263691683
181 0.008113590263691683
182 0.008113590263691683
183 0.008113590263691683
184 0.008113590263691683
185 0.008113590263691683
186 0.008113590263691683
187 0.008113590263691683
188 0.008113590263691683
189 0.008113590263691683
190 0.008113590263691683
191 0.008113590263691683
192 0.008113590263691683
193 0.008113590263691683
194 0.008113590263691683
195 0.008113590263691683
196 0.008113590263691683
197 0.008113590263691683
198 0.008113590263691683
199 0.008113590263691683
200 0.008113590263691683
201 0.008113590263691683
202 0.008113590263691683
203 0.008113590263691683
204 0.008113590263691683
205 0.008113590263691683
206 0.008113590263691683
207 0.008113590263691683
208 0.008113590263691683
209 0.008113590263691683
210 0.008113590263691683
211 0.008113590263691683
212 0.008113590263691683
213 0.008113590263691683
214 0.008113590263691683
215 0.008113590263691683
216 0.008113590263691683
217 0.008113590263691683
218 0.008113590263691683
219 0.008113590263691683
220 0.008113590263691683
221 0.008113590263691683
222 0.008113590263691683
223 0.008113590263691683
224 0.008113590263691683
225 0.008113590263691683
226 0.008113590263691683
227 0.008113590263691683
228 0.008113590263691683
229 0.008113590263691683
230 0.008113590263691683
231 0.008113590263691683
232 0.008113590263691683
233 0.008113590263691683
234 0.008113590263691683
235 0.008113590263691683
236 0.008113590263691683
237 0.008113590263691683
238 0.008113590263691683
239 0.008113590263691683
240 0.008113590263691683
241 0.008113590263691683
242 0.008113590263691683
243 0.008113590263691683
244 0.008113590263691683
245 0.008113590263691683
246 0.008113590263691683
247 0.008113590263691683
248 0.008113590263691683
249 0.008113590263691683
250 0.008113590263691683
251 0.008113590263691683
252 0.008113590263691683
253 0.008113590263691683
254 0.008113590263691683
255 0.008113590263691683
256 0.008113590263691683
257 0.008113590263691683
258 0.008113590263691683
259 0.008113590263691683
260 0.008113590263691683
261 0.008113590263691683
262 0.008113590263691683
263 0.008113590263691683
264 0.008113590263691683
265 0.008113590263691683
266 0.008113590263691683
267 0.008113590263691683
268 0.008113590263691683
269 0.008113590263691683
270 0.008113590263691683
271 0.008113590263691683
272 0.008113590263691683
273 0.008113590263691683
274 0.008113590263691683
275 0.008113590263691683
276 0.008113590263691683
277 0.008113590263691683
278 0.008113590263691683
279 0.008113590263691683
280 0.008113590263691683
281 0.008113590263691683
282 0.008113590263691683
283 0.008113590263691683
284 0.008113590263691683
285 0.008113590263691683
286 0.008113590263691683
287 0.008113590263691683
288 0.008113590263691683
289 0.008113590263691683
290 0.008113590263691683
291 0.008113590263691683
292 0.008113590263691683
293 0.008113590263691683
294 0.008113590263691683
295 0.008113590263691683
296 0.008113590263691683
297 0.008113590263691683
298 0.008113590263691683
299 0.008113590263691683
300 0.008113590263691683
301 0.008113590263691683
302 0.008113590263691683
303 0.008113590263691683
304 0.008113590263691683
305 0.008113590263691683
306 0.008113590263691683
307 0.008113590263691683
308 0.008113590263691683
309 0.008113590263691683
310 0.008113590263691683
311 0.008113590263691683
312 0.008113590263691683
313 0.008113590263691683
314 0.008113590263691683
315 0.008113590263691683
316 0.008113590263691683
317 0.008113590263691683
318 0.008113590263691683
319 0.008113590263691683
320 0.008113590263691683
321 0.008113590263691683
322 0.008113590263691683
323 0.008113590263691683
324 0.008113590263691683
325 0.008113590263691683
326 0.008113590263691683
327 0.008113590263691683
328 0.008113590263691683
329 0.008113590263691683
330 0.008113590263691683
331 0.008113590263691683
332 0.008113590263691683
333 0.008113590263691683
334 0.008113590263691683
335 0.008113590263691683
336 0.008113590263691683
337 0.008113590263691683
338 0.008113590263691683
339 0.008113590263691683
340 0.008113590263691683
341 0.008113590263691683
342 0.008113590263691683
343 0.008113590263691683
344 0.008113590263691683
345 0.008113590263691683
346 0.008113590263691683
347 0.008113590263691683
348 0.008113590263691683
349 0.006085192697768763
350 0.006085192697768763
351 0.006085192697768763
352 0.006085192697768763
353 0.006085192697768763
354 0.006085192697768763
355 0.006085192697768763
356 0.006085192697768763
357 0.006085192697768763
358 0.006085192697768763
359 0.006085192697768763
360 0.006085192697768763
361 0.006085192697768763
362 0.006085192697768763
363 0.006085192697768763
364 0.006085192697768763
365 0.006085192697768763
366 0.006085192697768763
367 0.006085192697768763
368 0.006085192697768763
369 0.006085192697768763
370 0.006085192697768763
371 0.006085192697768763
372 0.006085192697768763
373 0.006085192697768763
374 0.006085192697768763
375 0.006085192697768763
376 0.006085192697768763
377 0.006085192697768763
378 0.006085192697768763
379 0.006085192697768763
380 0.006085192697768763
381 0.006085192697768763
382 0.006085192697768763
383 0.006085192697768763
384 0.006085192697768763
385 0.006085192697768763
386 0.006085192697768763
387 0.006085192697768763
388 0.006085192697768763
389 0.006085192697768763
390 0.006085192697768763
391 0.006085192697768763
392 0.006085192697768763
393 0.006085192697768763
394 0.006085192697768763
395 0.006085192697768763
396 0.006085192697768763
397 0.006085192697768763
398 0.006085192697768763
399 0.006085192697768763
400 0.006085192697768763
401 0.006085192697768763
402 0.006085192697768763
403 0.006085192697768763
404 0.006085192697768763
405 0.006085192697768763
406 0.006085192697768763
407 0.006085192697768763
408 0.006085192697768763
409 0.006085192697768763
410 0.006085192697768763
411 0.006085192697768763
412 0.006085192697768763
413 0.006085192697768763
414 0.006085192697768763
415 0.006085192697768763
416 0.006085192697768763
417 0.006085192697768763
418 0.006085192697768763
419 0.006085192697768763
420 0.006085192697768763
421 0.006085192697768763
422 0.006085192697768763
423 0.006085192697768763
424 0.006085192697768763
425 0.006085192697768763
426 0.006085192697768763
427 0.006085192697768763
428 0.006085192697768763
429 0.006085192697768763
430 0.006085192697768763
431 0.006085192697768763
432 0.006085192697768763
433 0.006085192697768763
434 0.006085192697768763
435 0.006085192697768763
436 0.006085192697768763
437 0.006085192697768763
438 0.006085192697768763
439 0.006085192697768763
440 0.006085192697768763
441 0.006085192697768763
442 0.006085192697768763
443 0.006085192697768763
444 0.006085192697768763
445 0.006085192697768763
446 0.006085192697768763
447 0.006085192697768763
448 0.006085192697768763
449 0.006085192697768763
450 0.006085192697768763
451 0.006085192697768763
452 0.006085192697768763
453 0.006085192697768763
454 0.006085192697768763
455 0.006085192697768763
456 0.006085192697768763
457 0.006085192697768763
458 0.006085192697768763
459 0.006085192697768763
460 0.006085192697768763
461 0.006085192697768763
462 0.006085192697768763
463 0.006085192697768763
464 0.006085192697768763
465 0.006085192697768763
466 0.006085192697768763
467 0.006085192697768763
468 0.006085192697768763
469 0.006085192697768763
470 0.006085192697768763
471 0.006085192697768763
472 0.006085192697768763
473 0.006085192697768763
474 0.006085192697768763
475 0.006085192697768763
476 0.006085192697768763
477 0.006085192697768763
478 0.006085192697768763
479 0.006085192697768763
480 0.006085192697768763
481 0.006085192697768763
482 0.006085192697768763
483 0.006085192697768763
484 0.006085192697768763
485 0.006085192697768763
486 0.006085192697768763
487 0.006085192697768763
488 0.006085192697768763
489 0.006085192697768763
490 0.006085192697768763
491 0.006085192697768763
492 0.006085192697768763
493 0.006085192697768763
494 0.006085192697768763