1 0.016710642040457344
2 0.014072119613016711
3 0.013192612137203167
4 0.012313104661389622
5 0.012313104661389622
6 0.011433597185576077
7 0.011433597185576077
8 0.00967458223394899
9 0.00967458223394899
10 0.00967458223394899
11 0.00967458223394899
12 0.00967458223394899
13 0.00967458223394899
14 0.008795074758135445
15 0.008795074758135445
16 0.008795074758135445
17 0.008795074758135445
18 0.008795074758135445
19 0.008795074758135445
20 0.008795074758135445
21 0.008795074758135445
22 0.008795074758135445
23 0.0079155672823219
24 0.0079155672823219
25 0.0079155672823219
26 0.0079155672823219
27 0.0079155672823219
28 0.0079155672823219
29 0.0079155672823219
30 0.0079155672823219
31 0.0079155672823219
32 0.0079155672823219
33 0.0079155672823219
34 0.0079155672823219
35 0.0079155672823219
36 0.0079155672823219
37 0.0079155672823219
38 0.0079155672823219
39 0.0079155672823219
40 0.0079155672823219
41 0.0079155672823219
42 0.0079155672823219
43 0.0079155672823219
44 0.0079155672823219
45 0.007036059806508356
46 0.007036059806508356
47 0.007036059806508356
48 0.007036059806508356
49 0.007036059806508356
50 0.007036059806508356
51 0.007036059806508356
52 0.007036059806508356
53 0.007036059806508356
54 0.007036059806508356
55 0.007036059806508356
56 0.007036059806508356
57 0.007036059806508356
58 0.007036059806508356
59 0.007036059806508356
60 0.007036059806508356
61 0.007036059806508356
62 0.007036059806508356
63 0.007036059806508356
64 0.007036059806508356
65 0.007036059806508356
66 0.007036059806508356
67 0.007036059806508356
68 0.007036059806508356
69 0.007036059806508356
70 0.007036059806508356
71 0.007036059806508356
72 0.007036059806508356
73 0.007036059806508356
74 0.007036059806508356
75 0.007036059806508356
76 0.007036059806508356
77 0.007036059806508356
78 0.007036059806508356
79 0.007036059806508356
80 0.007036059806508356
81 0.007036059806508356
82 0.007036059806508356
83 0.007036059806508356
84 0.007036059806508356
85 0.007036059806508356
86 0.007036059806508356
87 0.007036059806508356
88 0.007036059806508356
89 0.006156552330694811
90 0.006156552330694811
91 0.006156552330694811
92 0.006156552330694811
93 0.006156552330694811
94 0.006156552330694811
95 0.006156552330694811
96 0.006156552330694811
97 0.006156552330694811
98 0.006156552330694811
99 0.006156552330694811
100 0.006156552330694811
101 0.006156552330694811
102 0.006156552330694811
103 0.006156552330694811
104 0.006156552330694811
105 0.006156552330694811
106 0.006156552330694811
107 0.006156552330694811
108 0.006156552330694811
109 0.006156552330694811
110 0.006156552330694811
111 0.006156552330694811
112 0.006156552330694811
113 0.006156552330694811
114 0.006156552330694811
115 0.006156552330694811
116 0.006156552330694811
117 0.006156552330694811
118 0.006156552330694811
119 0.006156552330694811
120 0.006156552330694811
121 0.006156552330694811
122 0.006156552330694811
123 0.006156552330694811
124 0.006156552330694811
125 0.006156552330694811
126 0.006156552330694811
127 0.006156552330694811
128 0.006156552330694811
129 0.006156552330694811
130 0.006156552330694811
131 0.006156552330694811
132 0.006156552330694811
133 0.006156552330694811
134 0.005277044854881266
135 0.005277044854881266
136 0.005277044854881266
137 0.005277044854881266
138 0.005277044854881266
139 0.005277044854881266
140 0.005277044854881266
141 0.005277044854881266
142 0.005277044854881266
143 0.005277044854881266
144 0.005277044854881266
145 0.005277044854881266
146 0.005277044854881266
147 0.005277044854881266
148 0.005277044854881266
149 0.005277044854881266
150 0.005277044854881266
151 0.005277044854881266
152 0.005277044854881266
153 0.005277044854881266
154 0.005277044854881266
155 0.005277044854881266
156 0.005277044854881266
157 0.005277044854881266
158 0.005277044854881266
159 0.005277044854881266
160 0.005277044854881266
161 0.005277044854881266
162 0.005277044854881266
163 0.005277044854881266
164 0.005277044854881266
165 0.005277044854881266
166 0.005277044854881266
167 0.005277044854881266
168 0.005277044854881266
169 0.005277044854881266
170 0.005277044854881266
171 0.005277044854881266
172 0.005277044854881266
173 0.005277044854881266
174 0.005277044854881266
175 0.005277044854881266
176 0.005277044854881266
177 0.005277044854881266
178 0.005277044854881266
179 0.005277044854881266
180 0.005277044854881266
181 0.005277044854881266
182 0.005277044854881266
183 0.005277044854881266
184 0.005277044854881266
185 0.005277044854881266
186 0.005277044854881266
187 0.005277044854881266
188 0.005277044854881266
189 0.005277044854881266
190 0.005277044854881266
191 0.005277044854881266
192 0.005277044854881266
193 0.005277044854881266
194 0.005277044854881266
195 0.005277044854881266
196 0.005277044854881266
197 0.005277044854881266
198 0.005277044854881266
199 0.005277044854881266
200 0.005277044854881266
201 0.005277044854881266
202 0.005277044854881266
203 0.005277044854881266
204 0.005277044854881266
205 0.005277044854881266
206 0.005277044854881266
207 0.005277044854881266
208 0.005277044854881266
209 0.005277044854881266
210 0.005277044854881266
211 0.005277044854881266
212 0.005277044854881266
213 0.005277044854881266
214 0.005277044854881266
215 0.005277044854881266
216 0.005277044854881266
217 0.005277044854881266
218 0.005277044854881266
219 0.005277044854881266
220 0.005277044854881266
221 0.005277044854881266
222 0.005277044854881266
223 0.005277044854881266
224 0.005277044854881266
225 0.005277044854881266
226 0.005277044854881266
227 0.0043975373790677225
228 0.0043975373790677225
229 0.0043975373790677225
230 0.0043975373790677225
231 0.0043975373790677225
232 0.0043975373790677225
233 0.0043975373790677225
234 0.0043975373790677225
235 0.0043975373790677225
236 0.0043975373790677225
237 0.0043975373790677225
238 0.0043975373790677225
239 0.0043975373790677225
240 0.0043975373790677225
241 0.0043975373790677225
242 0.0043975373790677225
243 0.0043975373790677225
244 0.0043975373790677225
245 0.0043975373790677225
246 0.0043975373790677225
247 0.0043975373790677225
248 0.0043975373790677225
249 0.0043975373790677225
250 0.0043975373790677225
251 0.0043975373790677225
252 0.0043975373790677225
253 0.0043975373790677225
254 0.0043975373790677225
255 0.0043975373790677225
256 0.0043975373790677225
257 0.0043975373790677225
258 0.0043975373790677225
259 0.0043975373790677225
260 0.0043975373790677225
261 0.0043975373790677225
262 0.0043975373790677225
263 0.0043975373790677225
264 0.0043975373790677225
265 0.0043975373790677225
266 0.0043975373790677225
267 0.0043975373790677225
268 0.0043975373790677225
269 0.0043975373790677225
270 0.0043975373790677225
271 0.0043975373790677225
272 0.0043975373790677225
273 0.0043975373790677225
274 0.0043975373790677225
275 0.0043975373790677225
276 0.0043975373790677225
277 0.0043975373790677225
278 0.0043975373790677225
279 0.0043975373790677225
280 0.0043975373790677225
281 0.0043975373790677225
282 0.0043975373790677225
283 0.0043975373790677225
284 0.0043975373790677225
285 0.0043975373790677225
286 0.0043975373790677225
287 0.0043975373790677225
288 0.0043975373790677225
289 0.0043975373790677225
290 0.0043975373790677225
291 0.0043975373790677225
292 0.0043975373790677225
293 0.0043975373790677225
294 0.0043975373790677225
295 0.0043975373790677225
296 0.0043975373790677225
297 0.0043975373790677225
298 0.0043975373790677225
299 0.0043975373790677225
300 0.0043975373790677225
301 0.0043975373790677225
302 0.0043975373790677225
303 0.0043975373790677225
304 0.0043975373790677225
305 0.0043975373790677225
306 0.0043975373790677225
307 0.0043975373790677225
308 0.0043975373790677225
309 0.0043975373790677225
310 0.0043975373790677225
311 0.0043975373790677225
312 0.0043975373790677225
313 0.0043975373790677225
314 0.0043975373790677225
315 0.0043975373790677225
316 0.0043975373790677225
317 0.0043975373790677225
318 0.0043975373790677225
319 0.0043975373790677225
320 0.0043975373790677225
321 0.0043975373790677225
322 0.0043975373790677225
323 0.0043975373790677225
324 0.0043975373790677225
325 0.0043975373790677225
326 0.0043975373790677225
327 0.0043975373790677225
328 0.0043975373790677225
329 0.0043975373790677225
330 0.0043975373790677225
331 0.0043975373790677225
332 0.0043975373790677225
333 0.0043975373790677225
334 0.0043975373790677225
335 0.0043975373790677225
336 0.0043975373790677225
337 0.0043975373790677225
338 0.0043975373790677225
339 0.0043975373790677225
340 0.0043975373790677225
341 0.0043975373790677225
342 0.0043975373790677225
343 0.0043975373790677225
344 0.0043975373790677225
345 0.0043975373790677225
346 0.0043975373790677225
347 0.0043975373790677225
348 0.0043975373790677225
349 0.0043975373790677225
350 0.0043975373790677225
351 0.0043975373790677225
352 0.0043975373790677225
353 0.0043975373790677225
354 0.0043975373790677225
355 0.0043975373790677225
356 0.0043975373790677225
357 0.0043975373790677225
358 0.0043975373790677225
359 0.0043975373790677225
360 0.0043975373790677225
361 0.0043975373790677225
362 0.0043975373790677225
363 0.0043975373790677225
364 0.0043975373790677225
365 0.0043975373790677225
366 0.0043975373790677225
367 0.0043975373790677225
368 0.0043975373790677225
369 0.0043975373790677225
370 0.0043975373790677225
371 0.0043975373790677225
372 0.0043975373790677225
373 0.0043975373790677225
374 0.0043975373790677225
375 0.0043975373790677225
376 0.0043975373790677225
377 0.0043975373790677225
378 0.0043975373790677225
379 0.0043975373790677225
380 0.0043975373790677225
381 0.0043975373790677225
382 0.0043975373790677225
383 0.0043975373790677225
384 0.0043975373790677225
385 0.0043975373790677225
386 0.0043975373790677225
387 0.0043975373790677225
388 0.0043975373790677225
389 0.0043975373790677225
390 0.0043975373790677225
391 0.0043975373790677225
392 0.0043975373790677225
393 0.0043975373790677225
394 0.0043975373790677225
395 0.0043975373790677225
396 0.0043975373790677225
397 0.0043975373790677225
398 0.0043975373790677225
399 0.0043975373790677225
400 0.0043975373790677225
401 0.0043975373790677225
402 0.0043975373790677225
403 0.0043975373790677225
404 0.0043975373790677225
405 0.0043975373790677225
406 0.0043975373790677225
407 0.0043975373790677225
408 0.0043975373790677225
409 0.0043975373790677225
410 0.0043975373790677225
411 0.0043975373790677225
412 0.0043975373790677225
413 0.0043975373790677225
414 0.0043975373790677225
415 0.0043975373790677225
416 0.0043975373790677225
417 0.0043975373790677225
418 0.0043975373790677225
419 0.0043975373790677225
420 0.0043975373790677225
421 0.0043975373790677225
422 0.0043975373790677225
423 0.0043975373790677225
424 0.0043975373790677225
425 0.0043975373790677225
426 0.0043975373790677225
427 0.0043975373790677225
428 0.0043975373790677225
429 0.0043975373790677225
430 0.0043975373790677225
431 0.0043975373790677225
432 0.0043975373790677225
433 0.0043975373790677225
434 0.0043975373790677225
435 0.003518029903254178
436 0.003518029903254178
437 0.003518029903254178
438 0.003518029903254178
439 0.003518029903254178
440 0.003518029903254178
441 0.003518029903254178
442 0.003518029903254178
443 0.003518029903254178
444 0.003518029903254178
445 0.003518029903254178
446 0.003518029903254178
447 0.003518029903254178
448 0.003518029903254178
449 0.003518029903254178
450 0.003518029903254178
451 0.003518029903254178
452 0.003518029903254178
453 0.003518029903254178
454 0.003518029903254178
455 0.003518029903254178
456 0.003518029903254178
457 0.003518029903254178
458 0.003518029903254178
459 0.003518029903254178
460 0.003518029903254178
461 0.003518029903254178
462 0.003518029903254178
463 0.003518029903254178
464 0.003518029903254178
465 0.003518029903254178
466 0.003518029903254178
467 0.003518029903254178
468 0.003518029903254178
469 0.003518029903254178
470 0.003518029903254178
471 0.003518029903254178
472 0.003518029903254178
473 0.003518029903254178
474 0.003518029903254178
475 0.003518029903254178
476 0.003518029903254178
477 0.003518029903254178
478 0.003518029903254178
479 0.003518029903254178
480 0.003518029903254178
481 0.003518029903254178
482 0.003518029903254178
483 0.003518029903254178
484 0.003518029903254178
485 0.003518029903254178
486 0.003518029903254178
487 0.003518029903254178
488 0.003518029903254178
489 0.003518029903254178
490 0.003518029903254178
491 0.003518029903254178
492 0.003518029903254178
493 0.003518029903254178
494 0.003518029903254178
495 0.003518029903254178
496 0.003518029903254178
497 0.003518029903254178
498 0.003518029903254178
499 0.003518029903254178
500 0.003518029903254178
501 0.003518029903254178
502 0.003518029903254178
503 0.003518029903254178
504 0.003518029903254178
505 0.003518029903254178
506 0.003518029903254178
507 0.003518029903254178
508 0.003518029903254178
509 0.003518029903254178
510 0.003518029903254178
511 0.003518029903254178
512 0.003518029903254178
513 0.003518029903254178
514 0.003518029903254178
515 0.003518029903254178
516 0.003518029903254178
517 0.003518029903254178
518 0.003518029903254178
519 0.003518029903254178
520 0.003518029903254178
521 0.003518029903254178
522 0.003518029903254178
523 0.003518029903254178
524 0.003518029903254178
525 0.003518029903254178
526 0.003518029903254178
527 0.003518029903254178
528 0.003518029903254178
529 0.003518029903254178
530 0.003518029903254178
531 0.003518029903254178
532 0.003518029903254178
533 0.003518029903254178
534 0.003518029903254178
535 0.003518029903254178
536 0.003518029903254178
537 0.003518029903254178
538 0.003518029903254178
539 0.003518029903254178
540 0.003518029903254178
541 0.003518029903254178
542 0.003518029903254178
543 0.003518029903254178
544 0.003518029903254178
545 0.003518029903254178
546 0.003518029903254178
547 0.003518029903254178
548 0.003518029903254178
549 0.003518029903254178
550 0.003518029903254178
551 0.003518029903254178
552 0.003518029903254178
553 0.003518029903254178
554 0.003518029903254178
555 0.003518029903254178
556 0.003518029903254178
557 0.003518029903254178
558 0.003518029903254178
559 0.003518029903254178
560 0.003518029903254178
561 0.003518029903254178
562 0.003518029903254178
563 0.003518029903254178
564 0.003518029903254178
565 0.003518029903254178
566 0.003518029903254178
567 0.003518029903254178
568 0.003518029903254178
569 0.003518029903254178
570 0.003518029903254178
571 0.003518029903254178
572 0.003518029903254178
573 0.003518029903254178
574 0.003518029903254178
575 0.003518029903254178
576 0.003518029903254178
577 0.003518029903254178
578 0.003518029903254178
579 0.003518029903254178
580 0.003518029903254178
581 0.003518029903254178
582 0.003518029903254178
583 0.003518029903254178
584 0.003518029903254178
585 0.003518029903254178
586 0.003518029903254178
587 0.003518029903254178
588 0.003518029903254178
589 0.003518029903254178
590 0.003518029903254178
591 0.003518029903254178
592 0.003518029903254178
593 0.003518029903254178
594 0.003518029903254178
595 0.003518029903254178
596 0.003518029903254178
597 0.003518029903254178
598 0.003518029903254178
599 0.003518029903254178
600 0.003518029903254178
601 0.003518029903254178
602 0.003518029903254178
603 0.003518029903254178
604 0.003518029903254178
605 0.003518029903254178
606 0.003518029903254178
607 0.003518029903254178
608 0.003518029903254178
609 0.003518029903254178
610 0.003518029903254178
611 0.003518029903254178
612 0.003518029903254178
613 0.003518029903254178
614 0.003518029903254178
615 0.003518029903254178
616 0.003518029903254178
617 0.003518029903254178
618 0.003518029903254178
619 0.003518029903254178
620 0.003518029903254178
621 0.003518029903254178
622 0.003518029903254178
623 0.003518029903254178
624 0.003518029903254178
625 0.003518029903254178
626 0.003518029903254178
627 0.003518029903254178
628 0.003518029903254178
629 0.003518029903254178
630 0.003518029903254178
631 0.003518029903254178
632 0.003518029903254178
633 0.003518029903254178
634 0.003518029903254178
635 0.003518029903254178
636 0.003518029903254178
637 0.003518029903254178
638 0.003518029903254178
639 0.003518029903254178
640 0.003518029903254178
641 0.003518029903254178
642 0.003518029903254178
643 0.003518029903254178
644 0.003518029903254178
645 0.003518029903254178
646 0.003518029903254178
647 0.003518029903254178
648 0.003518029903254178
649 0.003518029903254178
650 0.003518029903254178
651 0.003518029903254178
652 0.003518029903254178
653 0.003518029903254178
654 0.003518029903254178
655 0.003518029903254178
656 0.003518029903254178
657 0.003518029903254178
658 0.003518029903254178
659 0.003518029903254178
660 0.003518029903254178
661 0.003518029903254178
662 0.003518029903254178
663 0.003518029903254178
664 0.003518029903254178
665 0.003518029903254178
666 0.003518029903254178
667 0.003518029903254178
668 0.003518029903254178
669 0.003518029903254178
670 0.003518029903254178
671 0.003518029903254178
672 0.003518029903254178
673 0.003518029903254178
674 0.003518029903254178
675 0.003518029903254178
676 0.003518029903254178
677 0.003518029903254178
678 0.003518029903254178
679 0.003518029903254178
680 0.003518029903254178
681 0.003518029903254178
682 0.003518029903254178
683 0.003518029903254178
684 0.003518029903254178
685 0.003518029903254178
686 0.003518029903254178
687 0.003518029903254178
688 0.003518029903254178
689 0.003518029903254178
690 0.003518029903254178
691 0.003518029903254178
692 0.003518029903254178
693 0.003518029903254178
694 0.003518029903254178
695 0.003518029903254178
696 0.003518029903254178
697 0.003518029903254178
698 0.003518029903254178
699 0.003518029903254178
700 0.003518029903254178
701 0.003518029903254178
702 0.003518029903254178
703 0.003518029903254178
704 0.003518029903254178
705 0.003518029903254178
706 0.003518029903254178
707 0.003518029903254178
708 0.003518029903254178
709 0.003518029903254178
710 0.003518029903254178
711 0.003518029903254178
712 0.003518029903254178
713 0.003518029903254178
714 0.003518029903254178
715 0.003518029903254178
716 0.003518029903254178
717 0.003518029903254178
718 0.003518029903254178
719 0.003518029903254178
720 0.003518029903254178
721 0.003518029903254178
722 0.003518029903254178
723 0.003518029903254178
724 0.003518029903254178
725 0.003518029903254178
726 0.003518029903254178
727 0.003518029903254178
728 0.003518029903254178
729 0.003518029903254178
730 0.003518029903254178
731 0.003518029903254178
732 0.003518029903254178
733 0.003518029903254178
734 0.003518029903254178
735 0.003518029903254178
736 0.003518029903254178
737 0.003518029903254178
738 0.003518029903254178
739 0.003518029903254178
740 0.003518029903254178
741 0.003518029903254178
742 0.003518029903254178
743 0.003518029903254178
744 0.003518029903254178
745 0.003518029903254178
746 0.003518029903254178
747 0.003518029903254178
748 0.003518029903254178
749 0.003518029903254178
750 0.003518029903254178
751 0.003518029903254178
752 0.003518029903254178
753 0.003518029903254178
754 0.003518029903254178
755 0.003518029903254178
756 0.003518029903254178
757 0.003518029903254178
758 0.003518029903254178
759 0.003518029903254178
760 0.003518029903254178
761 0.003518029903254178
762 0.003518029903254178
763 0.003518029903254178
764 0.003518029903254178
765 0.003518029903254178
766 0.003518029903254178
767 0.003518029903254178
768 0.003518029903254178
769 0.003518029903254178
770 0.003518029903254178
771 0.003518029903254178
772 0.003518029903254178
773 0.003518029903254178
774 0.003518029903254178
775 0.003518029903254178
776 0.003518029903254178
777 0.003518029903254178
778 0.003518029903254178
779 0.003518029903254178
780 0.003518029903254178
781 0.003518029903254178
782 0.003518029903254178
783 0.003518029903254178
784 0.003518029903254178
785 0.003518029903254178
786 0.003518029903254178
787 0.003518029903254178
788 0.003518029903254178
789 0.003518029903254178
790 0.003518029903254178
791 0.003518029903254178
792 0.002638522427440633
793 0.002638522427440633
794 0.002638522427440633
795 0.002638522427440633
796 0.002638522427440633
797 0.002638522427440633
798 0.002638522427440633
799 0.002638522427440633
800 0.002638522427440633
801 0.002638522427440633
802 0.002638522427440633
803 0.002638522427440633
804 0.002638522427440633
805 0.002638522427440633
806 0.002638522427440633
807 0.002638522427440633
808 0.002638522427440633
809 0.002638522427440633
810 0.002638522427440633
811 0.002638522427440633
812 0.002638522427440633
813 0.002638522427440633
814 0.002638522427440633
815 0.002638522427440633
816 0.002638522427440633
817 0.002638522427440633
818 0.002638522427440633
819 0.002638522427440633
820 0.002638522427440633
821 0.002638522427440633
822 0.002638522427440633
823 0.002638522427440633
824 0.002638522427440633
825 0.002638522427440633
826 0.002638522427440633
827 0.002638522427440633
828 0.002638522427440633
829 0.002638522427440633
830 0.002638522427440633
831 0.002638522427440633
832 0.002638522427440633
833 0.002638522427440633
834 0.002638522427440633
835 0.002638522427440633
836 0.002638522427440633
837 0.002638522427440633
838 0.002638522427440633
839 0.002638522427440633
840 0.002638522427440633
841 0.002638522427440633
842 0.002638522427440633
843 0.002638522427440633
844 0.002638522427440633
845 0.002638522427440633
846 0.002638522427440633
847 0.002638522427440633
848 0.002638522427440633
849 0.002638522427440633
850 0.002638522427440633
851 0.002638522427440633
852 0.002638522427440633
853 0.002638522427440633
854 0.002638522427440633
855 0.002638522427440633
856 0.002638522427440633
857 0.002638522427440633
858 0.002638522427440633
859 0.002638522427440633
860 0.002638522427440633
861 0.002638522427440633
862 0.002638522427440633
863 0.002638522427440633
864 0.002638522427440633
865 0.002638522427440633
866 0.002638522427440633
867 0.002638522427440633
868 0.002638522427440633
869 0.002638522427440633
870 0.002638522427440633
871 0.002638522427440633
872 0.002638522427440633
873 0.002638522427440633
874 0.002638522427440633
875 0.002638522427440633
876 0.002638522427440633
877 0.002638522427440633
878 0.002638522427440633
879 0.002638522427440633
880 0.002638522427440633
881 0.002638522427440633
882 0.002638522427440633
883 0.002638522427440633
884 0.002638522427440633
885 0.002638522427440633
886 0.002638522427440633
887 0.002638522427440633
888 0.002638522427440633
889 0.002638522427440633
890 0.002638522427440633
891 0.002638522427440633
892 0.002638522427440633
893 0.002638522427440633
894 0.002638522427440633
895 0.002638522427440633
896 0.002638522427440633
897 0.002638522427440633
898 0.002638522427440633
899 0.002638522427440633
900 0.002638522427440633
901 0.002638522427440633
902 0.002638522427440633
903 0.002638522427440633
904 0.002638522427440633
905 0.002638522427440633
906 0.002638522427440633
907 0.002638522427440633
908 0.002638522427440633
909 0.002638522427440633
910 0.002638522427440633
911 0.002638522427440633
912 0.002638522427440633
913 0.002638522427440633
914 0.002638522427440633
915 0.002638522427440633
916 0.002638522427440633
917 0.002638522427440633
918 0.002638522427440633
919 0.002638522427440633
920 0.002638522427440633
921 0.002638522427440633
922 0.002638522427440633
923 0.002638522427440633
924 0.002638522427440633
925 0.002638522427440633
926 0.002638522427440633
927 0.002638522427440633
928 0.002638522427440633
929 0.002638522427440633
930 0.002638522427440633
931 0.002638522427440633
932 0.002638522427440633
933 0.002638522427440633
934 0.002638522427440633
935 0.002638522427440633
936 0.002638522427440633
937 0.002638522427440633
938 0.002638522427440633
939 0.002638522427440633
940 0.002638522427440633
941 0.002638522427440633
942 0.002638522427440633
943 0.002638522427440633
944 0.002638522427440633
945 0.002638522427440633
946 0.002638522427440633
947 0.002638522427440633
948 0.002638522427440633
949 0.002638522427440633
950 0.002638522427440633
951 0.002638522427440633
952 0.002638522427440633
953 0.002638522427440633
954 0.002638522427440633
955 0.002638522427440633
956 0.002638522427440633
957 0.002638522427440633
958 0.002638522427440633
959 0.002638522427440633
960 0.002638522427440633
961 0.002638522427440633
962 0.002638522427440633
963 0.002638522427440633
964 0.002638522427440633
965 0.002638522427440633
966 0.002638522427440633
967 0.002638522427440633
968 0.002638522427440633
969 0.002638522427440633
970 0.002638522427440633
971 0.002638522427440633
972 0.002638522427440633
973 0.002638522427440633
974 0.002638522427440633
975 0.002638522427440633
976 0.002638522427440633
977 0.002638522427440633
978 0.002638522427440633
979 0.002638522427440633
980 0.002638522427440633
981 0.002638522427440633
982 0.002638522427440633
983 0.002638522427440633
984 0.002638522427440633
985 0.002638522427440633
986 0.002638522427440633
987 0.002638522427440633
988 0.002638522427440633
989 0.002638522427440633
990 0.002638522427440633
991 0.002638522427440633
992 0.002638522427440633
993 0.002638522427440633
994 0.002638522427440633
995 0.002638522427440633
996 0.002638522427440633
997 0.002638522427440633
998 0.002638522427440633
999 0.002638522427440633
1000 0.002638522427440633
1001 0.002638522427440633
1002 0.002638522427440633
1003 0.002638522427440633
1004 0.002638522427440633
1005 0.002638522427440633
1006 0.002638522427440633
1007 0.002638522427440633
1008 0.002638522427440633
1009 0.002638522427440633
1010 0.002638522427440633
1011 0.002638522427440633
1012 0.002638522427440633
1013 0.002638522427440633
1014 0.002638522427440633
1015 0.002638522427440633
1016 0.002638522427440633
1017 0.002638522427440633
1018 0.002638522427440633
1019 0.002638522427440633
1020 0.002638522427440633
1021 0.002638522427440633
1022 0.002638522427440633
1023 0.002638522427440633
1024 0.002638522427440633
1025 0.002638522427440633
1026 0.002638522427440633
1027 0.002638522427440633
1028 0.002638522427440633
1029 0.002638522427440633
1030 0.002638522427440633
1031 0.002638522427440633
1032 0.002638522427440633
1033 0.002638522427440633
1034 0.002638522427440633
1035 0.002638522427440633
1036 0.002638522427440633
1037 0.002638522427440633
1038 0.002638522427440633
1039 0.002638522427440633
1040 0.002638522427440633
1041 0.002638522427440633
1042 0.002638522427440633
1043 0.002638522427440633
1044 0.002638522427440633
1045 0.002638522427440633
1046 0.002638522427440633
1047 0.002638522427440633
1048 0.002638522427440633
1049 0.002638522427440633
1050 0.002638522427440633
1051 0.002638522427440633
1052 0.002638522427440633
1053 0.002638522427440633
1054 0.002638522427440633
1055 0.002638522427440633
1056 0.002638522427440633
1057 0.002638522427440633
1058 0.002638522427440633
1059 0.002638522427440633
1060 0.002638522427440633
1061 0.002638522427440633
1062 0.002638522427440633
1063 0.002638522427440633
1064 0.002638522427440633
1065 0.002638522427440633
1066 0.002638522427440633
1067 0.002638522427440633
1068 0.002638522427440633
1069 0.002638522427440633
1070 0.002638522427440633
1071 0.002638522427440633
1072 0.002638522427440633
1073 0.002638522427440633
1074 0.002638522427440633
1075 0.002638522427440633
1076 0.002638522427440633
1077 0.002638522427440633
1078 0.002638522427440633
1079 0.002638522427440633
1080 0.002638522427440633
1081 0.002638522427440633
1082 0.002638522427440633
1083 0.002638522427440633
1084 0.002638522427440633
1085 0.002638522427440633
1086 0.002638522427440633
1087 0.002638522427440633
1088 0.002638522427440633
1089 0.002638522427440633
1090 0.002638522427440633
1091 0.002638522427440633
1092 0.002638522427440633
1093 0.002638522427440633
1094 0.002638522427440633
1095 0.002638522427440633
1096 0.002638522427440633
1097 0.002638522427440633
1098 0.002638522427440633
1099 0.002638522427440633
1100 0.002638522427440633
1101 0.002638522427440633
1102 0.002638522427440633
1103 0.002638522427440633
1104 0.002638522427440633
1105 0.002638522427440633
1106 0.002638522427440633
1107 0.002638522427440633
1108 0.002638522427440633
1109 0.002638522427440633
1110 0.002638522427440633
1111 0.002638522427440633
1112 0.002638522427440633
1113 0.002638522427440633
1114 0.002638522427440633
1115 0.002638522427440633
1116 0.002638522427440633
1117 0.002638522427440633
1118 0.002638522427440633
1119 0.002638522427440633
1120 0.002638522427440633
1121 0.002638522427440633
1122 0.002638522427440633
1123 0.002638522427440633
1124 0.002638522427440633
1125 0.002638522427440633
1126 0.002638522427440633
1127 0.002638522427440633
1128 0.002638522427440633
1129 0.002638522427440633
1130 0.002638522427440633
1131 0.002638522427440633
1132 0.002638522427440633
1133 0.002638522427440633
1134 0.002638522427440633
1135 0.002638522427440633
1136 0.002638522427440633
1137 0.002638522427440633
1138 0.002638522427440633
