1 0.01664145234493192
2 0.01664145234493192
3 0.015128593040847202
4 0.015128593040847202
5 0.015128593040847202
6 0.015128593040847202
7 0.015128593040847202
8 0.015128593040847202
9 0.013615733736762482
10 0.013615733736762482
11 0.013615733736762482
12 0.013615733736762482
13 0.013615733736762482
14 0.013615733736762482
15 0.013615733736762482
16 0.013615733736762482
17 0.013615733736762482
18 0.012102874432677761
19 0.012102874432677761
20 0.012102874432677761
21 0.012102874432677761
22 0.012102874432677761
23 0.012102874432677761
24 0.012102874432677761
25 0.012102874432677761
26 0.012102874432677761
27 0.012102874432677761
28 0.012102874432677761
29 0.012102874432677761
30 0.012102874432677761
31 0.012102874432677761
32 0.012102874432677761
33 0.012102874432677761
34 0.012102874432677761
35 0.012102874432677761
36 0.012102874432677761
37 0.012102874432677761
38 0.012102874432677761
39 0.012102874432677761
40 0.012102874432677761
41 0.012102874432677761
42 0.012102874432677761
43 0.012102874432677761
44 0.012102874432677761
45 0.01059001512859304
46 0.01059001512859304
47 0.01059001512859304
48 0.01059001512859304
49 0.01059001512859304
50 0.01059001512859304
51 0.01059001512859304
52 0.01059001512859304
53 0.01059001512859304
54 0.01059001512859304
55 0.01059001512859304
56 0.01059001512859304
57 0.01059001512859304
58 0.01059001512859304
59 0.01059001512859304
60 0.01059001512859304
61 0.01059001512859304
62 0.01059001512859304
63 0.01059001512859304
64 0.01059001512859304
65 0.01059001512859304
66 0.01059001512859304
67 0.01059001512859304
68 0.01059001512859304
69 0.01059001512859304
70 0.01059001512859304
71 0.01059001512859304
72 0.01059001512859304
73 0.01059001512859304
74 0.01059001512859304
75 0.01059001512859304
76 0.01059001512859304
77 0.01059001512859304
78 0.01059001512859304
79 0.01059001512859304
80 0.01059001512859304
81 0.01059001512859304
82 0.01059001512859304
83 0.01059001512859304
84 0.01059001512859304
85 0.01059001512859304
86 0.01059001512859304
87 0.01059001512859304
88 0.01059001512859304
89 0.01059001512859304
90 0.01059001512859304
91 0.01059001512859304
92 0.01059001512859304
93 0.01059001512859304
94 0.01059001512859304
95 0.009077155824508321
96 0.009077155824508321
97 0.009077155824508321
98 0.009077155824508321
99 0.009077155824508321
100 0.009077155824508321
101 0.009077155824508321
102 0.009077155824508321
103 0.009077155824508321
104 0.009077155824508321
105 0.009077155824508321
106 0.009077155824508321
107 0.009077155824508321
108 0.009077155824508321
109 0.009077155824508321
110 0.009077155824508321
111 0.009077155824508321
112 0.009077155824508321
113 0.009077155824508321
114 0.009077155824508321
115 0.009077155824508321
116 0.009077155824508321
117 0.009077155824508321
118 0.009077155824508321
119 0.009077155824508321
120 0.009077155824508321
121 0.009077155824508321
122 0.009077155824508321
123 0.009077155824508321
124 0.009077155824508321
125 0.009077155824508321
126 0.009077155824508321
127 0.009077155824508321
128 0.009077155824508321
129 0.009077155824508321
130 0.009077155824508321
131 0.009077155824508321
132 0.009077155824508321
133 0.009077155824508321
134 0.009077155824508321
135 0.009077155824508321
136 0.009077155824508321
137 0.009077155824508321
138 0.009077155824508321
139 0.009077155824508321
140 0.009077155824508321
141 0.009077155824508321
142 0.009077155824508321
143 0.009077155824508321
144 0.009077155824508321
145 0.009077155824508321
146 0.009077155824508321
147 0.009077155824508321
148 0.009077155824508321
149 0.009077155824508321
150 0.007564296520423601
151 0.007564296520423601
152 0.007564296520423601
153 0.007564296520423601
154 0.007564296520423601
155 0.007564296520423601
156 0.007564296520423601
157 0.007564296520423601
158 0.007564296520423601
159 0.007564296520423601
160 0.007564296520423601
161 0.007564296520423601
162 0.007564296520423601
163 0.007564296520423601
164 0.007564296520423601
165 0.007564296520423601
166 0.007564296520423601
167 0.007564296520423601
168 0.007564296520423601
169 0.007564296520423601
170 0.007564296520423601
171 0.007564296520423601
172 0.007564296520423601
173 0.007564296520423601
174 0.007564296520423601
175 0.007564296520423601
176 0.007564296520423601
177 0.007564296520423601
178 0.007564296520423601
179 0.007564296520423601
180 0.007564296520423601
181 0.007564296520423601
182 0.007564296520423601
183 0.007564296520423601
184 0.007564296520423601
185 0.007564296520423601
186 0.007564296520423601
187 0.007564296520423601
188 0.007564296520423601
189 0.007564296520423601
190 0.007564296520423601
191 0.007564296520423601
192 0.007564296520423601
193 0.007564296520423601
194 0.007564296520423601
195 0.007564296520423601
196 0.007564296520423601
197 0.007564296520423601
198 0.007564296520423601
199 0.007564296520423601
200 0.007564296520423601
201 0.007564296520423601
202 0.007564296520423601
203 0.007564296520423601
204 0.007564296520423601
205 0.007564296520423601
206 0.007564296520423601
207 0.007564296520423601
208 0.007564296520423601
209 0.007564296520423601
210 0.007564296520423601
211 0.007564296520423601
212 0.007564296520423601
213 0.007564296520423601
214 0.007564296520423601
215 0.007564296520423601
216 0.007564296520423601
217 0.007564296520423601
218 0.007564296520423601
219 0.007564296520423601
220 0.007564296520423601
221 0.007564296520423601
222 0.007564296520423601
223 0.007564296520423601
224 0.007564296520423601
225 0.007564296520423601
226 0.007564296520423601
227 0.007564296520423601
228 0.007564296520423601
229 0.007564296520423601
230 0.007564296520423601
231 0.007564296520423601
232 0.007564296520423601
233 0.007564296520423601
234 0.007564296520423601
235 0.007564296520423601
236 0.007564296520423601
237 0.007564296520423601
238 0.007564296520423601
239 0.007564296520423601
240 0.007564296520423601
241 0.007564296520423601
242 0.007564296520423601
243 0.007564296520423601
244 0.007564296520423601
245 0.007564296520423601
246 0.007564296520423601
247 0.007564296520423601
248 0.007564296520423601
249 0.007564296520423601
250 0.007564296520423601
251 0.006051437216338881
252 0.006051437216338881
253 0.006051437216338881
254 0.006051437216338881
255 0.006051437216338881
256 0.006051437216338881
257 0.006051437216338881
258 0.006051437216338881
259 0.006051437216338881
260 0.006051437216338881
261 0.006051437216338881
262 0.006051437216338881
263 0.006051437216338881
264 0.006051437216338881
265 0.006051437216338881
266 0.006051437216338881
267 0.006051437216338881
268 0.006051437216338881
269 0.006051437216338881
270 0.006051437216338881
271 0.006051437216338881
272 0.006051437216338881
273 0.006051437216338881
274 0.006051437216338881
275 0.006051437216338881
276 0.006051437216338881
277 0.006051437216338881
278 0.006051437216338881
279 0.006051437216338881
280 0.006051437216338881
281 0.006051437216338881
282 0.006051437216338881
283 0.006051437216338881
284 0.006051437216338881
285 0.006051437216338881
286 0.006051437216338881
287 0.006051437216338881
288 0.006051437216338881
289 0.006051437216338881
290 0.006051437216338881
291 0.006051437216338881
292 0.006051437216338881
293 0.006051437216338881
294 0.006051437216338881
295 0.006051437216338881
296 0.006051437216338881
297 0.006051437216338881
298 0.006051437216338881
299 0.006051437216338881
300 0.006051437216338881
301 0.006051437216338881
302 0.006051437216338881
303 0.006051437216338881
304 0.006051437216338881
305 0.006051437216338881
306 0.006051437216338881
307 0.006051437216338881
308 0.006051437216338881
309 0.006051437216338881
310 0.006051437216338881
311 0.006051437216338881
312 0.006051437216338881
313 0.006051437216338881
314 0.006051437216338881
315 0.006051437216338881
316 0.006051437216338881
317 0.006051437216338881
318 0.006051437216338881
319 0.006051437216338881
320 0.006051437216338881
321 0.006051437216338881
322 0.006051437216338881
323 0.006051437216338881
324 0.006051437216338881
325 0.006051437216338881
326 0.006051437216338881
327 0.006051437216338881
328 0.006051437216338881
329 0.006051437216338881
330 0.006051437216338881
331 0.006051437216338881
332 0.006051437216338881
333 0.006051437216338881
334 0.006051437216338881
335 0.006051437216338881
336 0.006051437216338881
337 0.006051437216338881
338 0.006051437216338881
339 0.006051437216338881
340 0.006051437216338881
341 0.006051437216338881
342 0.006051437216338881
343 0.006051437216338881
344 0.006051437216338881
345 0.006051437216338881
346 0.006051437216338881
347 0.006051437216338881
348 0.006051437216338881
349 0.006051437216338881
350 0.006051437216338881
351 0.006051437216338881
352 0.006051437216338881
353 0.006051437216338881
354 0.006051437216338881
355 0.006051437216338881
356 0.006051437216338881
357 0.006051437216338881
358 0.006051437216338881
359 0.006051437216338881
360 0.006051437216338881
361 0.006051437216338881
362 0.006051437216338881
363 0.006051437216338881
364 0.006051437216338881
365 0.006051437216338881
366 0.006051437216338881
367 0.006051437216338881
368 0.006051437216338881
369 0.006051437216338881
370 0.006051437216338881
371 0.006051437216338881
372 0.006051437216338881
373 0.006051437216338881
374 0.006051437216338881
375 0.006051437216338881
376 0.006051437216338881
377 0.006051437216338881
378 0.006051437216338881
379 0.006051437216338881
380 0.006051437216338881
381 0.006051437216338881
382 0.006051437216338881
383 0.006051437216338881
384 0.006051437216338881
385 0.006051437216338881
386 0.006051437216338881
387 0.006051437216338881
388 0.006051437216338881
389 0.006051437216338881
390 0.006051437216338881
391 0.006051437216338881
392 0.006051437216338881
393 0.006051437216338881
394 0.006051437216338881
395 0.006051437216338881
396 0.006051437216338881
397 0.006051437216338881
398 0.006051437216338881
399 0.006051437216338881
400 0.006051437216338881
401 0.006051437216338881
402 0.006051437216338881
403 0.006051437216338881
404 0.006051437216338881
405 0.006051437216338881
406 0.006051437216338881
407 0.006051437216338881
408 0.006051437216338881
409 0.006051437216338881
410 0.006051437216338881
411 0.006051437216338881
412 0.006051437216338881
413 0.006051437216338881
414 0.006051437216338881
415 0.006051437216338881
416 0.006051437216338881
417 0.006051437216338881
418 0.006051437216338881
419 0.006051437216338881
420 0.006051437216338881
421 0.006051437216338881
422 0.006051437216338881
423 0.006051437216338881
424 0.006051437216338881
425 0.006051437216338881
426 0.006051437216338881
427 0.006051437216338881
428 0.006051437216338881
429 0.006051437216338881
430 0.006051437216338881
431 0.006051437216338881
432 0.006051437216338881
433 0.006051437216338881
434 0.006051437216338881
435 0.006051437216338881
436 0.006051437216338881
437 0.006051437216338881
438 0.006051437216338881
439 0.006051437216338881
440 0.006051437216338881
441 0.006051437216338881
442 0.006051437216338881
443 0.006051437216338881
444 0.006051437216338881
445 0.006051437216338881
446 0.006051437216338881
447 0.006051437216338881
448 0.006051437216338881
449 0.006051437216338881
450 0.006051437216338881
451 0.006051437216338881
452 0.006051437216338881
453 0.006051437216338881
454 0.006051437216338881
455 0.006051437216338881
456 0.006051437216338881
457 0.006051437216338881
458 0.006051437216338881
459 0.006051437216338881
460 0.006051437216338881
461 0.006051437216338881
462 0.006051437216338881
463 0.006051437216338881
464 0.006051437216338881
465 0.006051437216338881
466 0.006051437216338881
467 0.006051437216338881
468 0.006051437216338881
469 0.006051437216338881
470 0.006051437216338881
471 0.006051437216338881
472 0.006051437216338881
473 0.006051437216338881
474 0.006051437216338881
475 0.006051437216338881
476 0.006051437216338881
477 0.006051437216338881
478 0.006051437216338881
479 0.006051437216338881
480 0.006051437216338881
481 0.006051437216338881
482 0.006051437216338881
483 0.006051437216338881
484 0.006051437216338881
485 0.006051437216338881
486 0.006051437216338881
487 0.006051437216338881
488 0.006051437216338881
489 0.006051437216338881
490 0.006051437216338881
491 0.006051437216338881
492 0.006051437216338881
493 0.006051437216338881
494 0.006051437216338881
495 0.006051437216338881
496 0.006051437216338881
497 0.006051437216338881
498 0.006051437216338881
499 0.006051437216338881
500 0.006051437216338881
501 0.006051437216338881
502 0.006051437216338881
503 0.006051437216338881
504 0.006051437216338881
505 0.006051437216338881
506 0.006051437216338881
507 0.006051437216338881
508 0.006051437216338881
509 0.006051437216338881
510 0.006051437216338881
511 0.006051437216338881
512 0.006051437216338881
513 0.006051437216338881
514 0.006051437216338881
515 0.006051437216338881
516 0.006051437216338881
517 0.006051437216338881
518 0.006051437216338881
519 0.006051437216338881
520 0.006051437216338881
521 0.006051437216338881
522 0.006051437216338881
523 0.006051437216338881
524 0.006051437216338881
525 0.006051437216338881
526 0.006051437216338881
527 0.006051437216338881
528 0.006051437216338881
529 0.006051437216338881
530 0.006051437216338881
531 0.006051437216338881
532 0.006051437216338881
533 0.006051437216338881
534 0.006051437216338881
535 0.006051437216338881
536 0.006051437216338881
537 0.006051437216338881
538 0.006051437216338881
539 0.006051437216338881
540 0.006051437216338881
541 0.006051437216338881
542 0.006051437216338881
543 0.006051437216338881
544 0.006051437216338881
545 0.006051437216338881
546 0.006051437216338881
547 0.006051437216338881
548 0.006051437216338881
549 0.006051437216338881
550 0.006051437216338881
551 0.006051437216338881
552 0.006051437216338881
553 0.006051437216338881
554 0.006051437216338881
555 0.006051437216338881
556 0.006051437216338881
557 0.006051437216338881
558 0.006051437216338881
559 0.006051437216338881
560 0.006051437216338881
561 0.006051437216338881
562 0.006051437216338881
563 0.006051437216338881
564 0.006051437216338881
565 0.006051437216338881
566 0.006051437216338881
567 0.006051437216338881
568 0.006051437216338881
569 0.006051437216338881
570 0.006051437216338881
571 0.006051437216338881
572 0.006051437216338881
573 0.006051437216338881
574 0.006051437216338881
575 0.006051437216338881
576 0.006051437216338881
577 0.006051437216338881
578 0.006051437216338881
579 0.006051437216338881
580 0.006051437216338881
581 0.006051437216338881
582 0.006051437216338881
583 0.006051437216338881
584 0.006051437216338881
585 0.006051437216338881
586 0.006051437216338881
587 0.0045385779122541605
588 0.0045385779122541605
589 0.0045385779122541605
590 0.0045385779122541605
591 0.0045385779122541605
592 0.0045385779122541605
593 0.0045385779122541605
594 0.0045385779122541605
595 0.0045385779122541605
596 0.0045385779122541605
597 0.0045385779122541605
598 0.0045385779122541605
599 0.0045385779122541605
600 0.0045385779122541605
601 0.0045385779122541605
602 0.0045385779122541605
603 0.0045385779122541605
604 0.0045385779122541605
605 0.0045385779122541605
606 0.0045385779122541605
607 0.0045385779122541605
608 0.0045385779122541605
609 0.0045385779122541605
610 0.0045385779122541605
611 0.0045385779122541605
612 0.0045385779122541605
613 0.0045385779122541605
614 0.0045385779122541605
615 0.0045385779122541605
616 0.0045385779122541605
617 0.0045385779122541605
618 0.0045385779122541605
619 0.0045385779122541605
620 0.0045385779122541605
621 0.0045385779122541605
622 0.0045385779122541605
623 0.0045385779122541605
624 0.0045385779122541605
625 0.0045385779122541605
626 0.0045385779122541605
627 0.0045385779122541605
628 0.0045385779122541605
629 0.0045385779122541605
630 0.0045385779122541605
631 0.0045385779122541605
632 0.0045385779122541605
633 0.0045385779122541605
634 0.0045385779122541605
635 0.0045385779122541605
636 0.0045385779122541605
637 0.0045385779122541605
638 0.0045385779122541605
639 0.0045385779122541605
640 0.0045385779122541605
641 0.0045385779122541605
642 0.0045385779122541605
643 0.0045385779122541605
644 0.0045385779122541605
645 0.0045385779122541605
646 0.0045385779122541605
647 0.0045385779122541605
648 0.0045385779122541605
649 0.0045385779122541605
650 0.0045385779122541605
651 0.0045385779122541605
652 0.0045385779122541605
653 0.0045385779122541605
654 0.0045385779122541605
655 0.0045385779122541605
656 0.0045385779122541605
657 0.0045385779122541605
658 0.0045385779122541605
659 0.0045385779122541605
660 0.0045385779122541605
661 0.0045385779122541605
662 0.0045385779122541605
