1 0.02046783625730994
2 0.019005847953216373
3 0.019005847953216373
4 0.019005847953216373
5 0.019005847953216373
6 0.017543859649122806
7 0.01608187134502924
8 0.01608187134502924
9 0.01608187134502924
10 0.01608187134502924
11 0.01608187134502924
12 0.01608187134502924
13 0.01608187134502924
14 0.014619883040935672
15 0.014619883040935672
16 0.014619883040935672
17 0.014619883040935672
18 0.014619883040935672
19 0.014619883040935672
20 0.014619883040935672
21 0.014619883040935672
22 0.014619883040935672
23 0.014619883040935672
24 0.014619883040935672
25 0.014619883040935672
26 0.014619883040935672
27 0.014619883040935672
28 0.014619883040935672
29 0.014619883040935672
30 0.013157894736842105
31 0.013157894736842105
32 0.013157894736842105
33 0.013157894736842105
34 0.013157894736842105
35 0.013157894736842105
36 0.013157894736842105
37 0.013157894736842105
38 0.013157894736842105
39 0.013157894736842105
40 0.013157894736842105
41 0.013157894736842105
42 0.013157894736842105
43 0.013157894736842105
44 0.013157894736842105
45 0.013157894736842105
46 0.013157894736842105
47 0.013157894736842105
48 0.013157894736842105
49 0.013157894736842105
50 0.013157894736842105
51 0.013157894736842105
52 0.013157894736842105
53 0.013157894736842105
54 0.013157894736842105
55 0.013157894736842105
56 0.013157894736842105
57 0.013157894736842105
58 0.011695906432748537
59 0.011695906432748537
60 0.011695906432748537
61 0.011695906432748537
62 0.011695906432748537
63 0.011695906432748537
64 0.011695906432748537
65 0.011695906432748537
66 0.011695906432748537
67 0.011695906432748537
68 0.011695906432748537
69 0.011695906432748537
70 0.011695906432748537
71 0.011695906432748537
72 0.011695906432748537
73 0.011695906432748537
74 0.011695906432748537
75 0.011695906432748537
76 0.011695906432748537
77 0.011695906432748537
78 0.011695906432748537
79 0.011695906432748537
80 0.011695906432748537
81 0.011695906432748537
82 0.011695906432748537
83 0.011695906432748537
84 0.011695906432748537
85 0.011695906432748537
86 0.011695906432748537
87 0.011695906432748537
88 0.011695906432748537
89 0.01023391812865497
90 0.01023391812865497
91 0.01023391812865497
92 0.01023391812865497
93 0.01023391812865497
94 0.01023391812865497
95 0.01023391812865497
96 0.01023391812865497
97 0.01023391812865497
98 0.01023391812865497
99 0.01023391812865497
100 0.01023391812865497
101 0.01023391812865497
102 0.01023391812865497
103 0.01023391812865497
104 0.01023391812865497
105 0.01023391812865497
106 0.01023391812865497
107 0.01023391812865497
108 0.01023391812865497
109 0.01023391812865497
110 0.01023391812865497
111 0.01023391812865497
112 0.01023391812865497
113 0.01023391812865497
114 0.01023391812865497
115 0.01023391812865497
116 0.01023391812865497
117 0.01023391812865497
118 0.01023391812865497
119 0.01023391812865497
120 0.01023391812865497
121 0.01023391812865497
122 0.01023391812865497
123 0.01023391812865497
124 0.01023391812865497
125 0.01023391812865497
126 0.01023391812865497
127 0.01023391812865497
128 0.01023391812865497
129 0.01023391812865497
130 0.01023391812865497
131 0.01023391812865497
132 0.01023391812865497
133 0.01023391812865497
134 0.01023391812865497
135 0.01023391812865497
136 0.01023391812865497
137 0.01023391812865497
138 0.01023391812865497
139 0.01023391812865497
140 0.01023391812865497
141 0.01023391812865497
142 0.01023391812865497
143 0.01023391812865497
144 0.01023391812865497
145 0.01023391812865497
146 0.01023391812865497
147 0.01023391812865497
148 0.01023391812865497
149 0.01023391812865497
150 0.01023391812865497
151 0.01023391812865497
152 0.01023391812865497
153 0.01023391812865497
154 0.01023391812865497
155 0.01023391812865497
156 0.01023391812865497
157 0.01023391812865497
158 0.01023391812865497
159 0.01023391812865497
160 0.01023391812865497
161 0.01023391812865497
162 0.01023391812865497
163 0.01023391812865497
164 0.01023391812865497
165 0.01023391812865497
166 0.01023391812865497
167 0.01023391812865497
168 0.01023391812865497
169 0.01023391812865497
170 0.01023391812865497
171 0.01023391812865497
172 0.01023391812865497
173 0.01023391812865497
174 0.01023391812865497
175 0.01023391812865497
176 0.01023391812865497
177 0.01023391812865497
178 0.01023391812865497
179 0.01023391812865497
180 0.01023391812865497
181 0.01023391812865497
182 0.01023391812865497
183 0.01023391812865497
184 0.01023391812865497
185 0.01023391812865497
186 0.01023391812865497
187 0.01023391812865497
188 0.01023391812865497
189 0.01023391812865497
190 0.01023391812865497
191 0.01023391812865497
192 0.01023391812865497
193 0.01023391812865497
194 0.01023391812865497
195 0.01023391812865497
196 0.01023391812865497
197 0.01023391812865497
198 0.008771929824561403
199 0.008771929824561403
200 0.008771929824561403
201 0.008771929824561403
202 0.008771929824561403
203 0.008771929824561403
204 0.008771929824561403
205 0.008771929824561403
206 0.008771929824561403
207 0.008771929824561403
208 0.008771929824561403
209 0.008771929824561403
210 0.008771929824561403
211 0.008771929824561403
212 0.008771929824561403
213 0.008771929824561403
214 0.008771929824561403
215 0.008771929824561403
216 0.008771929824561403
217 0.008771929824561403
218 0.008771929824561403
219 0.008771929824561403
220 0.008771929824561403
221 0.008771929824561403
222 0.008771929824561403
223 0.008771929824561403
224 0.008771929824561403
225 0.008771929824561403
226 0.008771929824561403
227 0.008771929824561403
228 0.008771929824561403
229 0.008771929824561403
230 0.008771929824561403
231 0.008771929824561403
232 0.008771929824561403
233 0.008771929824561403
234 0.008771929824561403
235 0.008771929824561403
236 0.008771929824561403
237 0.008771929824561403
238 0.008771929824561403
239 0.008771929824561403
240 0.008771929824561403
241 0.008771929824561403
242 0.008771929824561403
243 0.008771929824561403
244 0.008771929824561403
245 0.008771929824561403
246 0.008771929824561403
247 0.008771929824561403
248 0.008771929824561403
249 0.008771929824561403
250 0.008771929824561403
251 0.008771929824561403
252 0.008771929824561403
253 0.008771929824561403
254 0.008771929824561403
255 0.008771929824561403
256 0.008771929824561403
257 0.008771929824561403
258 0.008771929824561403
259 0.008771929824561403
260 0.008771929824561403
261 0.008771929824561403
262 0.008771929824561403
263 0.008771929824561403
264 0.008771929824561403
265 0.008771929824561403
266 0.008771929824561403
267 0.008771929824561403
268 0.008771929824561403
269 0.008771929824561403
270 0.008771929824561403
271 0.008771929824561403
272 0.008771929824561403
273 0.008771929824561403
274 0.008771929824561403
275 0.008771929824561403
276 0.008771929824561403
277 0.008771929824561403
278 0.008771929824561403
279 0.008771929824561403
280 0.008771929824561403
281 0.008771929824561403
282 0.008771929824561403
283 0.008771929824561403
284 0.008771929824561403
285 0.008771929824561403
286 0.008771929824561403
287 0.008771929824561403
288 0.008771929824561403
289 0.008771929824561403
290 0.008771929824561403
291 0.008771929824561403
292 0.008771929824561403
293 0.008771929824561403
294 0.008771929824561403
295 0.008771929824561403
296 0.008771929824561403
297 0.008771929824561403
298 0.008771929824561403
299 0.008771929824561403
300 0.008771929824561403
301 0.008771929824561403
302 0.008771929824561403
303 0.008771929824561403
304 0.008771929824561403
305 0.008771929824561403
306 0.008771929824561403
307 0.008771929824561403
308 0.008771929824561403
309 0.008771929824561403
310 0.008771929824561403
311 0.008771929824561403
312 0.008771929824561403
313 0.008771929824561403
314 0.008771929824561403
315 0.008771929824561403
316 0.007309941520467836
317 0.007309941520467836
318 0.007309941520467836
319 0.007309941520467836
320 0.007309941520467836
321 0.007309941520467836
322 0.007309941520467836
323 0.007309941520467836
324 0.007309941520467836
325 0.007309941520467836
326 0.007309941520467836
327 0.007309941520467836
328 0.007309941520467836
329 0.007309941520467836
330 0.007309941520467836
331 0.007309941520467836
332 0.007309941520467836
333 0.007309941520467836
334 0.007309941520467836
335 0.007309941520467836
336 0.007309941520467836
337 0.007309941520467836
338 0.007309941520467836
339 0.007309941520467836
340 0.007309941520467836
341 0.007309941520467836
342 0.007309941520467836
343 0.007309941520467836
344 0.007309941520467836
345 0.007309941520467836
346 0.007309941520467836
347 0.007309941520467836
348 0.007309941520467836
349 0.007309941520467836
350 0.007309941520467836
351 0.007309941520467836
352 0.007309941520467836
353 0.007309941520467836
354 0.007309941520467836
355 0.007309941520467836
356 0.007309941520467836
357 0.007309941520467836
358 0.007309941520467836
359 0.007309941520467836
360 0.007309941520467836
361 0.007309941520467836
362 0.007309941520467836
363 0.007309941520467836
364 0.007309941520467836
365 0.007309941520467836
366 0.007309941520467836
367 0.007309941520467836
368 0.007309941520467836
369 0.007309941520467836
370 0.007309941520467836
371 0.007309941520467836
372 0.007309941520467836
373 0.007309941520467836
374 0.007309941520467836
375 0.007309941520467836
376 0.007309941520467836
377 0.007309941520467836
378 0.007309941520467836
379 0.007309941520467836
380 0.007309941520467836
381 0.007309941520467836
382 0.007309941520467836
383 0.007309941520467836
384 0.007309941520467836
385 0.007309941520467836
386 0.007309941520467836
387 0.007309941520467836
388 0.007309941520467836
389 0.007309941520467836
390 0.007309941520467836
391 0.007309941520467836
392 0.007309941520467836
393 0.007309941520467836
394 0.007309941520467836
395 0.007309941520467836
396 0.007309941520467836
397 0.007309941520467836
398 0.007309941520467836
399 0.007309941520467836
400 0.007309941520467836
401 0.007309941520467836
402 0.007309941520467836
403 0.007309941520467836
404 0.007309941520467836
405 0.007309941520467836
406 0.007309941520467836
407 0.007309941520467836
408 0.007309941520467836
409 0.007309941520467836
410 0.007309941520467836
411 0.007309941520467836
412 0.007309941520467836
413 0.007309941520467836
414 0.007309941520467836
415 0.007309941520467836
416 0.007309941520467836
417 0.007309941520467836
418 0.007309941520467836
419 0.007309941520467836
420 0.007309941520467836
421 0.007309941520467836
422 0.007309941520467836
423 0.007309941520467836
424 0.007309941520467836
425 0.007309941520467836
426 0.007309941520467836
427 0.007309941520467836
428 0.007309941520467836
429 0.007309941520467836
430 0.007309941520467836
431 0.007309941520467836
432 0.007309941520467836
433 0.007309941520467836
434 0.007309941520467836
435 0.007309941520467836
436 0.007309941520467836
437 0.007309941520467836
438 0.007309941520467836
439 0.007309941520467836
440 0.007309941520467836
441 0.007309941520467836
442 0.007309941520467836
443 0.007309941520467836
444 0.007309941520467836
445 0.007309941520467836
446 0.007309941520467836
447 0.007309941520467836
448 0.007309941520467836
449 0.007309941520467836
450 0.007309941520467836
451 0.007309941520467836
452 0.007309941520467836
453 0.007309941520467836
454 0.007309941520467836
455 0.007309941520467836
456 0.007309941520467836
457 0.007309941520467836
458 0.007309941520467836
459 0.007309941520467836
460 0.007309941520467836
461 0.007309941520467836
462 0.007309941520467836
463 0.007309941520467836
464 0.007309941520467836
465 0.007309941520467836
466 0.007309941520467836
467 0.007309941520467836
468 0.007309941520467836
469 0.007309941520467836
470 0.007309941520467836
471 0.007309941520467836
472 0.007309941520467836
473 0.007309941520467836
474 0.007309941520467836
475 0.007309941520467836
476 0.007309941520467836
477 0.007309941520467836
478 0.007309941520467836
479 0.007309941520467836
480 0.007309941520467836
481 0.007309941520467836
482 0.007309941520467836
483 0.007309941520467836
484 0.007309941520467836
485 0.007309941520467836
486 0.007309941520467836
487 0.007309941520467836
488 0.007309941520467836
489 0.007309941520467836
490 0.007309941520467836
491 0.007309941520467836
492 0.007309941520467836
493 0.007309941520467836
494 0.007309941520467836
495 0.007309941520467836
496 0.007309941520467836
497 0.007309941520467836
498 0.007309941520467836
499 0.007309941520467836
500 0.007309941520467836
501 0.007309941520467836
502 0.007309941520467836
503 0.007309941520467836
504 0.007309941520467836
505 0.007309941520467836
506 0.007309941520467836
507 0.007309941520467836
508 0.007309941520467836
509 0.007309941520467836
510 0.007309941520467836
511 0.007309941520467836
512 0.005847953216374269
513 0.005847953216374269
514 0.005847953216374269
515 0.005847953216374269
516 0.005847953216374269
517 0.005847953216374269
518 0.005847953216374269
519 0.005847953216374269
520 0.005847953216374269
521 0.005847953216374269
522 0.005847953216374269
523 0.005847953216374269
524 0.005847953216374269
525 0.005847953216374269
526 0.005847953216374269
527 0.005847953216374269
528 0.005847953216374269
529 0.005847953216374269
530 0.005847953216374269
531 0.005847953216374269
532 0.005847953216374269
533 0.005847953216374269
534 0.005847953216374269
535 0.005847953216374269
536 0.005847953216374269
537 0.005847953216374269
538 0.005847953216374269
539 0.005847953216374269
540 0.005847953216374269
541 0.005847953216374269
542 0.005847953216374269
543 0.005847953216374269
544 0.005847953216374269
545 0.005847953216374269
546 0.005847953216374269
547 0.005847953216374269
548 0.005847953216374269
549 0.005847953216374269
550 0.005847953216374269
551 0.005847953216374269
552 0.005847953216374269
553 0.005847953216374269
554 0.005847953216374269
555 0.005847953216374269
556 0.005847953216374269
557 0.005847953216374269
558 0.005847953216374269
559 0.005847953216374269
560 0.005847953216374269
561 0.005847953216374269
562 0.005847953216374269
563 0.005847953216374269
564 0.005847953216374269
565 0.005847953216374269
566 0.005847953216374269
567 0.005847953216374269
568 0.005847953216374269
569 0.005847953216374269
570 0.005847953216374269
571 0.005847953216374269
572 0.005847953216374269
573 0.005847953216374269
574 0.005847953216374269
575 0.005847953216374269
576 0.005847953216374269
577 0.005847953216374269
578 0.005847953216374269
579 0.005847953216374269
580 0.005847953216374269
581 0.005847953216374269
582 0.005847953216374269
583 0.005847953216374269
584 0.005847953216374269
585 0.005847953216374269
586 0.005847953216374269
587 0.005847953216374269
588 0.005847953216374269
589 0.005847953216374269
590 0.005847953216374269
591 0.005847953216374269
592 0.005847953216374269
593 0.005847953216374269
594 0.005847953216374269
595 0.005847953216374269
596 0.005847953216374269
597 0.005847953216374269
598 0.005847953216374269
599 0.005847953216374269
600 0.005847953216374269
601 0.005847953216374269
602 0.005847953216374269
603 0.005847953216374269
604 0.005847953216374269
605 0.005847953216374269
606 0.005847953216374269
607 0.005847953216374269
608 0.005847953216374269
609 0.005847953216374269
610 0.005847953216374269
611 0.005847953216374269
612 0.005847953216374269
613 0.005847953216374269
614 0.005847953216374269
615 0.005847953216374269
616 0.005847953216374269
617 0.005847953216374269
618 0.005847953216374269
619 0.005847953216374269
620 0.005847953216374269
621 0.005847953216374269
622 0.005847953216374269
623 0.005847953216374269
624 0.005847953216374269
625 0.005847953216374269
626 0.005847953216374269
627 0.005847953216374269
628 0.005847953216374269
629 0.005847953216374269
630 0.005847953216374269
631 0.005847953216374269
632 0.005847953216374269
633 0.005847953216374269
634 0.005847953216374269
635 0.005847953216374269
636 0.005847953216374269
637 0.005847953216374269
638 0.005847953216374269
639 0.005847953216374269
640 0.005847953216374269
641 0.005847953216374269
642 0.005847953216374269
643 0.005847953216374269
644 0.005847953216374269
645 0.005847953216374269
646 0.005847953216374269
647 0.005847953216374269
648 0.005847953216374269
649 0.005847953216374269
650 0.005847953216374269
651 0.005847953216374269
652 0.005847953216374269
653 0.005847953216374269
654 0.005847953216374269
655 0.005847953216374269
656 0.005847953216374269
657 0.005847953216374269
658 0.0043859649122807015
659 0.0043859649122807015
660 0.0043859649122807015
661 0.0043859649122807015
662 0.0043859649122807015
663 0.0043859649122807015
664 0.0043859649122807015
665 0.0043859649122807015
666 0.0043859649122807015
667 0.0043859649122807015
668 0.0043859649122807015
669 0.0043859649122807015
670 0.0043859649122807015
671 0.0043859649122807015
672 0.0043859649122807015
673 0.0043859649122807015
674 0.0043859649122807015
675 0.0043859649122807015
676 0.0043859649122807015
677 0.0043859649122807015
678 0.0043859649122807015
679 0.0043859649122807015
680 0.0043859649122807015
681 0.0043859649122807015
682 0.0043859649122807015
683 0.0043859649122807015
684 0.0043859649122807015
685 0.0043859649122807015